Gull_Island_mini_10meter_units_meters.asc
ncols        52
nrows        61
xllcorner    518874.861027376843
yllcorner    4324809.029947387986
cellsize     10.000000000000
NODATA_value  -3.4028234663852885981e+38
[rows 0 to 16 of 61, columns 0 to 38 of 52]
0.58643519878387451172 0.63185036182403564453 0.53797197341918945312 0.44775119423866271973 0.55382162332534790039 0.53644800186157226562 0.65562480688095092773 0.5925312042236328125 0.49621441960334777832 0.53644800186157226562 0.5038344264030456543 0.5992367863655090332 0.72359520196914672852 0.67574161291122436523 0.34015682339668273926 0.57515758275985717773 0.49926239252090454102 0.34930080175399780273 0.20939759910106658936 0.23469600081443786621 0.33954718708992004395 0.47640240192413330078 0.51450240612030029297 0.60868561267852783203 -0.35051998496055603027 0.65745359659194946289 0.53309518098831176758 0.40294560790061950684 0.49164241552352905273 0.46603921055793762207 0.48707041144371032715 0.53827679157257080078 0.59192162752151489258 0.48280319571495056152 0.27371039986610412598 0.49651917815208435059 0.33528000116348266602 0.34594801068305969238 0.4934711754322052002
-0.00091440003598108887672 0.4069080054759979248 0.37094160914421081543 0.75620877742767333984 0.54742079973220825195 0.56357520818710327148 0.47670719027519226074 0.44683679938316345215 0.58613038063049316406 0.28986477851867675781 0.36423602700233459473 0.60838079452514648438 0.64373761415481567383 0.6327648162841796875 0.21122640371322631836 0.41422319412231445312 0.37703758478164672852 0.30388557910919189453 0.26273760199546813965 0.27005279064178466797 0.35143440961837768555 0.52364641427993774414 0.66842639446258544922 0.82600802183151245117 -0.38892480731010437012 0.56601357460021972656 0.62544959783554077148 0.50749200582504272461 0.43921679258346557617 0.46573439240455627441 0.55382162332534790039 0.66598796844482421875 0.54041039943695068359 0.58277755975723266602 0.4718303978443145752 0.43098720908164978027 0.40782243013381958008 0.47762161493301391602 0.65989196300506591797
0.76626718044281005859 0.50322479009628295898 0.59192162752151489258 0.368198394775390625 0.70195436477661132812 0.72176641225814819336 0.59618878364562988281 0.23256240785121917725 0.28224480152130126953 0.36484560370445251465 0.42732957005500793457 0.62788796424865722656 0.69006717205047607422 0.46329599618911743164 0.42123359441757202148 0.39563038945198059082 0.36240720748901367188 0.36576002836227416992 0.25847038626670837402 0.44378879666328430176 0.46756321191787719727 0.45963841676712036133 0.69768720865249633789 0.07132320106029510498 -0.30053278803825378418 0.2511551976203918457 0.37978082895278930664 0.43494960665702819824 0.44836080074310302734 0.68945765495300292969 0.66202557086944580078 0.67116957902908325195 0.54193437099456787109 0.62179195880889892578 0.66080641746520996094 0.64068961143493652344 0.57637679576873779297 0.7385304570198059082 0.70317357778549194336
0.29626560211181640625 0.54955440759658813477 0.35783520340919494629 0.59740799665451049805 0.4687823951244354248 0.01188720017671585083 0.27096718549728393555 0.2191511988639831543 0.36118799448013305664 0.31089597940444946289 0.56388002634048461914 0.65806317329406738281 0.67787522077560424805 0.51907438039779663086 0.42245280742645263672 0.42519599199295043945 0.46573439240455627441 0.43647360801696777344 0.40142160654067993164 0.37612318992614746094 0.42275759577751159668 0.39959278702735900879 0.48554641008377075195 0.53339999914169311523 -0.40538400411605834961 0.61661040782928466797 0.67025518417358398438 0.44104561209678649902 0.54101997613906860352 0.67817997932434082031 0.6007607579231262207 0.64830964803695678711 0.62209677696228027344 0.53126639127731323242 0.47457361221313476562 0.61173361539840698242 0.66263520717620849609 0.62636399269104003906 0.6812279820442199707
0.58155840635299682617 0.48920401930809020996 0.53187602758407592773 0.51450240612030029297 0.4821936190128326416 0.30358079075813293457 0.30022799968719482422 0.38648641109466552734 0.24414479732513427734 0.43403521180152893066 0.53553360700607299805 0.67817997932434082031 0.63672721385955810547 0.59832239151000976562 0.57363361120223999023 0.38740080595016479492 0.60563760995864868164 0.65532004833221435547 0.69067680835723876953 0.68488562107086181641 0.68488562107086181641 0.55778402090072631836 0.43769279122352600098 0.44744640588760375977 0.3264407813549041748 -0.22768560051918029785 0.75681841373443603516 0.64282321929931640625 0.67116957902908325195 0.66995036602020263672 0.59039759635925292969 0.69768720865249633789 0.66720718145370483398 0.4904232025146484375 -0.41574719548225402832 -0.25237441062927246094 0.70469760894775390625 0.69281041622161865234 0.66903597116470336914
0.69189602136611938477 0.66903597116470336914 0.6998208165168762207 0.52059841156005859375 0.3831335902214050293 0.45933359861373901367 0.27675840258598327637 0.40751761198043823242 0.2877312004566192627 0.44897040724754333496 0.54101997613906860352 0.6678168177604675293 0.64861440658569335938 0.55290722846984863281 0.55839359760284423828 0.58033919334411621094 0.63977521657943725586 0.67665600776672363281 0.67299836874008178711 0.69585841894149780273 0.68061840534210205078 0.71048885583877563477 0.57790082693099975586 0.58643519878387451172 0.4971288144588470459 -0.46847757697105407715 0.61417204141616821289 0.67452239990234375 0.69067680835723876953 0.68701916933059692383 0.66568320989608764648 0.31485840678215026855 0.30754318833351135254 -0.42519599199295043945 0.53949600458145141602 0.61417204141616821289 0.38374319672584533691 0.67421758174896240234 0.67757040262222290039
0.71719437837600708008 0.67086482048034667969 0.73091042041778564453 0.64190876483917236328 0.47731679677963256836 0.52943760156631469727 0.34015682339668273926 0.4486655890941619873 0.43464478850364685059 0.43891200423240661621 0.47640240192413330078 0.6812279820442199707 0.6797040104866027832 0.56509917974472045898 0.5471159815788269043 0.5254752039909362793 0.65684401988983154297 0.6559295654296875 0.67086482048034667969 0.74523597955703735352 0.6544055938720703125 0.65318638086318969727 0.60899043083190917969 0.53096157312393188477 -0.053339999169111251831 -0.34686240553855895996 0.69646805524826049805 0.68092316389083862305 0.52578002214431762695 0.45933359861373901367 0.51755040884017944336 0.65745359659194946289 0.54315358400344848633 -0.26578560471534729004 0.67787522077560424805 0.62392556667327880859 -0.33040320873260498047 0.61600077152252197266 0.71079361438751220703
0.58216798305511474609 0.59984642267227172852 0.68915277719497680664 0.7095744013786315918 0.64617598056793212891 0.53309518098831176758 0.48920401930809020996 0.45963841676712036133 0.2810255885124206543 0.27066239714622497559 0.47274479269981384277 0.71414637565612792969 0.71902316808700561523 0.68183761835098266602 0.57271915674209594727 0.59314078092575073242 0.74066400527954101562 0.73182481527328491211 0.68915277719497680664 0.69646805524826049805 0.65288156270980834961 0.714756011962890625 0.68519037961959838867 0.61691516637802124023 -0.40599361062049865723 0.50840640068054199219 0.68884801864624023438 0.6760463714599609375 0.55686962604522705078 0.54498237371444702148 0.61782956123352050781 0.65227204561233520508 0.61417204141616821289 -0.35905438661575317383 0.68762880563735961914 0.64983361959457397461 -0.32339280843734741211 0.77205842733383178711 0.53187602758407592773
0.62392556667327880859 0.5590031743049621582 0.61325764656066894531 0.69890642166137695312 0.72786241769790649414 0.65044319629669189453 0.49072799086570739746 0.45994317531585693359 0.54376322031021118164 0.26517599821090698242 0.34290000796318054199 0.70591682195663452148 0.72450965642929077148 0.68427598476409912109 0.58216798305511474609 0.67543679475784301758 0.73426318168640136719 0.70683121681213378906 0.73578721284866333008 0.68366640806198120117 0.70896476507186889648 0.68275201320648193359 0.70439285039901733398 -0.20787359774112701416 0.3749040067195892334 0.69159120321273803711 0.65288156270980834961 0.44013118743896484375 -0.010058400221168994904 0.067665599286556243896 0.6111240386962890625 0.6909815669059753418 0.39471599459648132324 -0.31363922357559204102 0.71140325069427490234 0.64983361959457397461 -0.17282159626483917236 0.51145440340042114258 0.70987921953201293945
0.63672721385955810547 0.74066400527954101562 0.64190876483917236328 0.70530718564987182617 0.73273921012878417969 0.6864096522331237793 0.58430159091949462891 0.62209677696228027344 0.5590031743049621582 0.51541680097579956055 0.52151280641555786133 0.69860160350799560547 0.74279761314392089844 0.71658480167388916016 0.714756011962890625 0.71506077051162719727 0.74828398227691650391 0.70652639865875244141 0.7229855656623840332 0.67635124921798706055 0.55351680517196655273 0.60258960723876953125 0.71231758594512939453 -0.49834799766540527344 0.62849760055541992188 0.67848479747772216797 0.65928244590759277344 -0.032613601535558700562 -0.32308799028396606445 -0.2292095869779586792 -0.26182320713996887207 0.6812279820442199707 0.53461921215057373047 0.51114958524703979492 0.65806317329406738281 0.64861440658569335938 0.60533279180526733398 -0.2676143944263458252 0.7348728179931640625
0.4821936190128326416 0.70195436477661132812 0.67878961563110351562 0.74035918712615966797 0.73700636625289916992 0.74950325489044189453 0.69067680835723876953 0.69860160350799560547 0.68488562107086181641 0.43281599879264831543 0.40416479110717773438 0.6394703984260559082 0.76017117500305175781 0.73243445158004760742 0.71567040681838989258 0.76291441917419433594 0.75102716684341430664 0.71414637565612792969 0.69342005252838134766 0.64617598056793212891 0.46146720647811889648 0.58064401149749755859 0.43708321452140808105 -0.31272479891777038574 0.74005436897277832031 0.60137039422988891602 0.38648641109466552734 -0.47122079133987426758 0.26395678520202636719 0.67696076631546020508 -0.041757598519325256348 -0.19171920418739318848 -0.41574719548225402832 0.64983361959457397461 0.66903597116470336914 0.58491122722625732422 0.51114958524703979492 -0.19690081477165222168 0.66720718145370483398
0.54315358400344848633 -0.31607758998870849609 -0.19171920418739318848 0.42946320772171020508 0.63245999813079833984 0.76596242189407348633 0.75712317228317260742 0.77693521976470947266 0.7110983729362487793 0.63398396968841552734 0.37398961186408996582 0.3614927828311920166 0.52517038583755493164 0.77022957801818847656 0.66903597116470336914 0.73273921012878417969 0.71749925613403320312 0.67421758174896240234 0.70987921953201293945 0.73152005672454833984 0.78120237588882446289 -0.14325599372386932373 -0.4419600069522857666 -0.22189439833164215088 0.72999596595764160156 0.62483996152877807617 -0.28712159395217895508 0.15453360974788665771 0.61173361539840698242 0.70195436477661132812 0.72694802284240722656 0.46603921055793762207 0.59588402509689331055 0.70469760894775390625 0.4584191739559173584 -0.16093440353870391846 0.55930799245834350586 0.86959439516067504883 0.71567040681838989258
0.73913997411727905273 0.62453520298004150391 0.66019678115844726562 0.57393842935562133789 -0.26974800229072570801 0.74462640285491943359 0.76809597015380859375 0.73639678955078125 0.76139038801193237305 0.72603356838226318359 0.71262240409851074219 0.71932798624038696289 0.72755759954452514648 0.72755759954452514648 0.6812279820442199707 0.67665600776672363281 0.73456799983978271484 0.74919837713241577148 0.71323198080062866211 0.56540399789810180664 -0.46451520919799804688 -0.5157216191291809082 -0.56052720546722412109 0.16459201276302337646 0.63550800085067749023 0.47640240192413330078 -0.55046880245208740234 0.61508637666702270508 0.68976241350173950195 0.69890642166137695312 0.64830964803695678711 0.70256400108337402344 0.70134484767913818359 0.70225918292999267578 0.18928079307079315186 0.62605917453765869141 0.66720718145370483398 0.67665600776672363281 0.69281041622161865234
0.71018397808074951172 0.62483996152877807617 0.66324484348297119141 0.71414637565612792969 0.37673279643058776855 0.55168795585632324219 0.72207117080688476562 0.72542405128479003906 0.74828398227691650391 0.70683121681213378906 0.67269361019134521484 0.67513197660446166992 0.70378321409225463867 0.74066400527954101562 0.66873121261596679688 0.6208775639533996582 0.71902316808700561523 0.71688961982727050781 0.78242158889770507812 -0.52364641427993774414 -0.53370481729507446289 0.55412638187408447266 0.62423044443130493164 -0.59649360179901123047 0.5172455906867980957 0.59466481208801269531 -0.46908721327781677246 0.43037757277488708496 0.74249285459518432617 0.67787522077560424805 0.65897756814956665039 0.6513576507568359375 0.62575441598892211914 0.62057280540466308594 -0.2676143944263458252 0.69524878263473510742 0.6662928462028503418 0.63794636726379394531 0.64312797784805297852
0.69677281379699707031 0.76352405548095703125 0.62240159511566162109 0.72572880983352661133 0.57271915674209594727 0.47243997454643249512 0.76078081130981445312 0.75590401887893676758 0.72481441497802734375 0.67726558446884155273 0.50596797466278076172 0.56784242391586303711 0.71170800924301147461 0.70987921953201293945 0.79187041521072387695 0.65196716785430908203 0.7296912074089050293 0.76474320888519287109 0.71262240409851074219 -0.58338719606399536133 0.51663601398468017578 0.63977521657943725586 0.59954160451889038086 0.68244725465774536133 0.1490471959114074707 -0.51511204242706298828 -0.04572000354528427124 0.45872399210929870605 0.70469760894775390625 0.67025518417358398438 0.7498080134391784668 0.62544959783554077148 0.73030078411102294922 0.34686240553855895996 0.39684960246086120605 0.62423044443130493164 0.55686962604522705078 0.51511204242706298828 0.56448960304260253906
0.69342005252838134766 0.62301117181777954102 0.72572880983352661133 0.6797040104866027832 0.51755040884017944336 0.50810164213180541992 0.74249285459518432617 0.72329038381576538086 0.70987921953201293945 0.6291071772575378418 0.52760881185531616211 0.59618878364562988281 0.68671441078186035156 0.72390002012252807617 0.63489836454391479492 0.5925312042236328125 0.73913997411727905273 0.75102716684341430664 0.040233600884675979614 -0.56875681877136230469 0.60167521238327026367 0.66019678115844726562 0.70195436477661132812 0.68671441078186035156 0.71140325069427490234 0.7431023716926574707 0.71597516536712646484 0.31333440542221069336 0.6074663996696472168 0.52242720127105712891 0.67482721805572509766 0.66476881504058837891 0.69524878263473510742 0.61234319210052490234 -0.27340561151504516602 -0.27066239714622497559 0.0045719998888671398163 0.1179575994610786438 -0.26548078656196594238
0.75529438257217407227 0.73700636625289916992 0.72511917352676391602 0.72877681255340576172 0.67909437417984008789 -0.24505920708179473877 0.40904161334037780762 0.59314078092575073242 0.70683121681213378906 0.59527438879013061523 0.49286159873008728027 0.60502803325653076172 0.67665600776672363281 0.71079361438751220703 0.71079361438751220703 0.69006717205047607422 0.75407516956329345703 0.74249285459518432617 0.3130295872688293457 -0.55625998973846435547 0.53614318370819091797 0.61234319210052490234 0.33131760358810424805 0.38008558750152587891 0.37825682759284973145 0.36697921156883239746 0.47609761357307434082 0.7296912074089050293 0.67330324649810791016 0.72268080711364746094 0.67299836874008178711 0.67757040262222290039 0.64891916513442993164 0.67939925193786621094 0.71262240409851074219 0.68336164951324462891 0.69585841894149780273 0.65928244590759277344 0.56266081333160400391
