Gull_Island_mini_10meter_units_meters.asc
ncols        52
nrows        61
xllcorner    518874.861027376843
yllcorner    4324809.029947387986
cellsize     10.000000000000
NODATA_value  -3.4028234663852885981e+38
[rows 34 to 50 of 61, columns 0 to 38 of 52]
0.76504796743392944336 0.73243445158004760742 0.75316077470779418945 0.58277755975723266602 0.31790640950202941895 0.27736800909042358398 0.4517135918140411377 0.69890642166137695312 0.79339438676834106445 0.74401676654815673828 0.73395842313766479492 0.71140325069427490234 0.69768720865249633789 0.70256400108337402344 0.71262240409851074219 0.69890642166137695312 0.73974961042404174805 0.59954160451889038086 0.63825124502182006836 0.78638398647308349609 0.5269991755485534668 0.28498798608779907227 -0.13136880099773406982 -0.45079919695854187012 -0.53766721487045288086 -0.45232319831848144531 0.73152005672454833984 0.69311517477035522461 0.50413918495178222656 0.3197351992130279541 0.26243281364440917969 0.22646638751029968262 0.21671280264854431152 0.22646638751029968262 0.2511551976203918457 0.25359359383583068848 0.2727960050106048584 0.29321759939193725586 0.31943038105964660645
0.74188321828842163086 0.79247999191284179688 -0.4636008143424987793 -0.61965841054916381836 -0.5791199803352355957 -0.51968401670455932617 0.68610477447509765625 0.72207117080688476562 0.73761600255966186523 0.71262240409851074219 0.73609197139739990234 0.75072240829467773438 0.8534399867057800293 0.75285601615905761719 0.72176641225814819336 0.72390002012252807617 0.67696076631546020508 0.61874401569366455078 0.70043045282363891602 0.77419197559356689453 0.73792082071304321289 0.10424160212278366089 0.25085040926933288574 0.46055281162261962891 -0.48676559329032897949 -0.53370481729507446289 0.093573600053787231445 0.71018397808074951172 0.47975519299507141113 0.34594801068305969238 0.30327600240707397461 0.24323038756847381592 0.2292095869779586792 0.19050000607967376709 0.23225760459899902344 0.25237441062927246094 0.26151838898658752441 0.30144721269607543945 0.29504638910293579102
0.22646638751029968262 -0.60167521238327026367 -0.58094882965087890625 -0.58003437519073486328 -0.56357520818710327148 -0.56570875644683837891 -0.35204398632049560547 0.47122079133987426758 0.61478155851364135742 0.66263520717620849609 0.54284882545471191406 0.53797197341918945312 0.75468480587005615234 0.72207117080688476562 0.70225918292999267578 0.72633838653564453125 0.67848479747772216797 0.61539119482040405273 0.6611111760139465332 0.66019678115844726562 0.71658480167388916016 0.70866000652313232422 0.72115677595138549805 0.67939925193786621094 0.59618878364562988281 -0.53004717826843261719 -0.54345840215682983398 0.76748639345169067383 0.50566321611404418945 0.58704477548599243164 0.26974800229072570801 0.23804880678653717041 0.23012399673461914062 0.19324320554733276367 0.21793198585510253906 0.048158403486013412476 0.23103840649127960205 0.079857595264911651611 0.074371203780174255371
-0.64038479328155517578 -0.56327039003372192383 -0.55656480789184570312 -0.58064401149749755859 -0.54406797885894775391 -0.59527438879013061523 -0.58216798305511474609 -0.43037757277488708496 0.70987921953201293945 0.4352543950080871582 0.29687517881393432617 0.59984642267227172852 0.70530718564987182617 0.69677281379699707031 0.63977521657943725586 0.6678168177604675293 0.66659760475158691406 0.60502803325653076172 0.70317357778549194336 0.70774561166763305664 0.69921118021011352539 0.6864096522331237793 0.69281041622161865234 0.69768720865249633789 0.69159120321273803711 -0.51785522699356079102 -0.54803037643432617188 0.76565760374069213867 0.70500236749649047852 0.65105277299880981445 0.39654481410980224609 0.23012399673461914062 0.22372320294380187988 0.21305519342422485352 0.20787359774112701416 0.19354799389839172363 0.20634959638118743896 0.21122640371322631836 0.22402800619602203369
-0.57972955703735351562 -0.55930799245834350586 -0.57271915674209594727 -0.56845200061798095703 -0.62148720026016235352 0.29108399152755737305 -0.59222638607025146484 -0.55199277400970458984 0.28011122345924377441 0.49133759737014770508 0.71506077051162719727 0.71201276779174804688 0.71719437837600708008 0.70561200380325317383 0.7095744013786315918 0.70530718564987182617 0.71201276779174804688 0.68183761835098266602 0.68671441078186035156 0.69220077991485595703 0.68671441078186035156 0.62666881084442138672 0.65989196300506591797 0.67238885164260864258 0.50962561368942260742 -0.51633119583129882812 -0.54254400730133056641 0.70561200380325317383 0.75864720344543457031 0.73792082071304321289 0.49225199222564697266 0.23652480542659759521 0.21610319614410400391 0.21031199395656585693 0.20482559502124786377 0.22799040377140045166 0.21153120696544647217 0.2578608095645904541 0.24932640790939331055
-0.60411357879638671875 -0.57942479848861694336 -0.55991762876510620117 -0.57576721906661987305 -0.61661040782928466797 0.76870560646057128906 0.33588960766792297363 -0.58978796005249023438 -0.56509917974472045898 -0.58673995733261108398 0.40386000275611877441 0.62179195880889892578 0.73761600255966186523 0.74584561586380004883 0.73426318168640136719 0.76078081130981445312 0.73426318168640136719 0.6409943699836730957 0.67543679475784301758 0.53461921215057373047 0.65897756814956665039 0.67696076631546020508 0.69890642166137695312 0.69037204980850219727 0.52181762456893920898 -0.53126639127731323242 -0.53004717826843261719 0.71749925613403320312 0.75559920072555541992 0.73395842313766479492 0.55260241031646728516 0.27432000637054443359 0.22402800619602203369 0.22951440513134002686 0.22067520022392272949 0.23469600081443786621 0.26609039306640625 0.11704320460557937622 0.3197351992130279541
-0.58704477548599243164 -0.56418478488922119141 -0.55869835615158081055 -0.66659760475158691406 -0.57972955703735351562 -0.56692802906036376953 0.64312797784805297852 0.55321204662322998047 -0.45232319831848144531 -0.56418478488922119141 -0.57851040363311767578 -0.57119518518447875977 -0.56235599517822265625 -0.60777115821838378906 0.11704320460557937622 0.59466481208801269531 0.77449679374694824219 0.76139038801193237305 0.73822557926177978516 0.69006717205047607422 0.71048885583877563477 0.70256400108337402344 0.6678168177604675293 0.68976241350173950195 0.61569601297378540039 -0.55046880245208740234 0.35051998496055603027 0.75895202159881591797 0.74096882343292236328 0.7431023716926574707 0.57302397489547729492 0.26944321393966674805 0.24444960057735443115 0.44256961345672607422 0.21275040507316589355 0.26304239034652709961 0.32826960086822509766 0.31882080435752868652 0.28133040666580200195
-0.56509917974472045898 -0.54681122303009033203 -0.56205117702484130859 -0.57332879304885864258 -0.59344559907913208008 -0.57942479848861694336 -0.56144160032272338867 -0.17282159626483917236 0.71201276779174804688 0.54223918914794921875 0.27371039986610412598 -0.55534559488296508789 -0.56327039003372192383 -0.56113678216934204102 -0.55412638187408447266 -0.57698637247085571289 -0.46085759997367858887 0.572414398193359375 0.72847205400466918945 0.68397116661071777344 0.68336164951324462891 0.67787522077560424805 0.70652639865875244141 0.65166240930557250977 0.22433279454708099365 -0.54315358400344848633 0.71292722225189208984 0.75041759014129638672 0.75224637985229492188 0.74127358198165893555 0.70134484767913818359 0.2593848109245300293 0.25572720170021057129 0.20055839419364929199 0.24688799679279327393 0.32857438921928405762 0.30510482192039489746 0.31760162115097045898 0.40538400411605834961
-0.59466481208801269531 -0.57454800605773925781 -0.55869835615158081055 -0.59435999393463134766 -0.59832239151000976562 -0.55656480789184570312 -0.57972955703735351562 -0.56540399789810180664 0.62179195880889892578 0.70164960622787475586 0.74462640285491943359 0.65471041202545166016 0.66995036602020263672 0.52151280641555786133 0.35783520340919494629 -0.57576721906661987305 -0.57424318790435791016 -0.470306396484375 0.66233044862747192383 0.69342005252838134766 0.69890642166137695312 0.72390002012252807617 0.69829678535461425781 0.54071521759033203125 -0.54132479429244995117 -0.54955440759658813477 0.78272640705108642578 0.74249285459518432617 0.76139038801193237305 0.75224637985229492188 0.68671441078186035156 0.24841199815273284912 0.21854160726070404053 0.22158959507942199707 0.27157679200172424316 0.40599361062049865723 0.31638240814208984375 0.29565599560737609863 0.28681680560111999512
-0.60563760995864868164 -0.55808877944946289062 -0.61173361539840698242 -0.61752480268478393555 -0.59283602237701416016 -0.5858256220817565918 -0.54985922574996948242 -0.59314078092575073242 -0.55260241031646728516 -0.58247280120849609375 -0.018287999555468559265 0.71658480167388916016 0.65501517057418823242 0.67452239990234375 0.6760463714599609375 0.57363361120223999023 -0.48188880085945129395 -0.54376322031021118164 -0.37581840157508850098 0.5858256220817565918 0.67482721805572509766 0.470306396484375 0.39441120624542236328 -0.48341280221939086914 -0.55504077672958374023 0.26060399413108825684 0.73517757654190063477 0.75407516956329345703 0.75590401887893676758 0.74523597955703735352 0.74736958742141723633 0.57942479848861694336 0.34838640689849853516 0.20970240235328674316 0.23317199945449829102 0.44409361481666564941 0.34107118844985961914 0.36118799448013305664 0.55534559488296508789
-0.55839359760284423828 -0.52364641427993774414 -0.59131199121475219727 -0.56601357460021972656 -0.60838079452514648438 -0.57515758275985717773 -0.57942479848861694336 -0.61325764656066894531 -0.53766721487045288086 -0.61325764656066894531 -0.58369201421737670898 -0.60350400209426879883 0.72237598896026611328 0.67147439718246459961 0.72603356838226318359 0.70164960622787475586 0.67574161291122436523 -0.48036479949951171875 -0.56052720546722412109 -0.55839359760284423828 -0.56601357460021972656 -0.5672327876091003418 -0.55077362060546875 -0.57881522178649902344 -0.46634399890899658203 0.36484560370445251465 0.5157216191291809082 0.31821119785308837891 0.74127358198165893555 0.74706476926803588867 0.45598080754280090332 0.42793920636177062988 0.20360639691352844238 0.21640799939632415771 0.23561039566993713379 0.47975519299507141113 0.37947601079940795898 0.30876240134239196777 0.63063120841979980469
-0.58826398849487304688 -0.55107837915420532227 -0.53309518098831176758 -0.55961281061172485352 -0.57028079032897949219 -0.55443120002746582031 -0.55260241031646728516 -0.55565041303634643555 -0.59527438879013061523 -0.58613038063049316406 -0.58917838335037231445 -0.572414398193359375 -0.59954160451889038086 -0.59740799665451049805 0.54223918914794921875 0.70469760894775390625 0.72511917352676391602 0.77906882762908935547 -0.35631120204925537109 -0.56875681877136230469 -0.54650640487670898438 -0.046634398400783538818 0.16733521223068237305 0.46268638968467712402 0.48554641008377075195 0.41026079654693603516 0.29717999696731567383 0.48493677377700805664 0.7385304570198059082 0.69738245010375976562 0.41330876946449279785 0.31882080435752868652 0.19629119336605072021 0.20939759910106658936 0.24841199815273284912 0.51023519039154052734 0.61447679996490478516 0.70439285039901733398 0.7296912074089050293
-0.59314078092575073242 -0.57271915674209594727 -0.57028079032897949219 -0.53919124603271484375 -0.58704477548599243164 -0.60533279180526733398 -0.58216798305511474609 -0.60868561267852783203 -0.58673995733261108398 -0.58643519878387451172 -0.55808877944946289062 -0.59375035762786865234 -0.59039759635925292969 -0.59222638607025146484 -0.58399683237075805664 -0.5791199803352355957 -0.0033527999185025691986 0.71048885583877563477 0.78729838132858276367 0.74096882343292236328 0.66690236330032348633 0.67147439718246459961 0.66934084892272949219 0.67360800504684448242 0.69585841894149780273 0.66568320989608764648 0.27066239714622497559 0.6864096522331237793 0.74127358198165893555 0.69159120321273803711 0.47945037484169006348 0.21275040507316589355 0.21153120696544647217 0.22463759779930114746 0.30236160755157470703 0.62362080812454223633 0.72207117080688476562 0.70805037021636962891 0.72115677595138549805
-0.60685682296752929688 -0.60319918394088745117 -0.62666881084442138672 -0.55351680517196655273 -0.57790082693099975586 -0.61478155851364135742 -0.54223918914794921875 -0.59679836034774780273 -0.58917838335037231445 -0.58948320150375366211 -0.59314078092575073242 -0.5992367863655090332 -0.60655200481414794922 -0.59161680936813354492 -0.59466481208801269531 -0.58308237791061401367 -0.60411357879638671875 -0.5708904266357421875 -0.58003437519073486328 0.15514320135116577148 0.69128638505935668945 0.67482721805572509766 0.71201276779174804688 0.67757040262222290039 0.73212957382202148438 0.6611111760139465332 0.75163680315017700195 0.75712317228317260742 0.72207117080688476562 0.73030078411102294922 0.33802318572998046875 0.22707599401473999023 0.38282880187034606934 0.38374319672584533691 0.36911278963088989258 0.50627279281616210938 0.67025518417358398438 0.66263520717620849609 0.72420477867126464844
-0.58521598577499389648 -0.58125358819961547852 -0.591007232666015625 -0.57302397489547729492 -0.55504077672958374023 -0.56784242391586303711 -0.56601357460021972656 -0.58216798305511474609 -0.60716158151626586914 -0.57485282421112060547 -0.58186322450637817383 -0.62788796424865722656 -0.61447679996490478516 -0.60228478908538818359 -0.54681122303009033203 -0.62331604957580566406 -0.60929518938064575195 -0.57454800605773925781 -0.62148720026016235352 -0.60563760995864868164 -0.56997597217559814453 -0.5858256220817565918 -0.56174641847610473633 -0.58887362480163574219 0.60258960723876953125 0.71780401468276977539 0.76443839073181152344 0.7229855656623840332 0.7199376225471496582 0.7549896240234375 0.65562480688095092773 0.3950208127498626709 0.61051440238952636719 0.32583120465278625488 0.32095438241958618164 0.48006001114845275879 0.70469760894775390625 0.69860160350799560547 0.70896476507186889648
-0.57637679576873779297 -0.53858160972595214844 -0.57820558547973632812 -0.63245999813079833984 -0.62240159511566162109 -0.54985922574996948242 -0.61081916093826293945 -0.60807597637176513672 -0.591007232666015625 -0.58460640907287597656 -0.59039759635925292969 -0.64678561687469482422 -0.59893202781677246094 -0.60350400209426879883 -0.61051440238952636719 -0.61356240510940551758 -0.60960000753402709961 -0.61264801025390625 -0.60502803325653076172 -0.5590031743049621582 -0.60258960723876953125 -0.58887362480163574219 -0.57332879304885864258 -0.6327648162841796875 -0.55138319730758666992 -0.55930799245834350586 -0.44439837336540222168 0.63855600357055664062 0.73426318168640136719 0.78821277618408203125 0.69372481107711791992 0.65562480688095092773 0.57302397489547729492 0.65806317329406738281 0.62483996152877807617 0.68305677175521850586 0.73913997411727905273 0.68793356418609619141 0.53339999914169311523
-0.56052720546722412109 -0.58094882965087890625 -0.61569601297378540039 -0.57942479848861694336 -0.57668161392211914062 -0.56540399789810180664 -0.58094882965087890625 -0.59161680936813354492 -0.61203837394714355469 -0.58552080392837524414 -0.58887362480163574219 -0.59131199121475219727 -0.60685682296752929688 -0.63764160871505737305 -0.57515758275985717773 -0.60685682296752929688 -0.6208775639533996582 -0.59435999393463134766 -0.60777115821838378906 -0.5672327876091003418 -0.6611111760139465332 -0.58856880664825439453 -0.58948320150375366211 -0.57972955703735351562 -0.60015118122100830078 -0.5873495936393737793 -0.60319918394088745117 -0.55168795585632324219 -0.57790082693099975586 0.62849760055541992188 0.72664320468902587891 0.70073521137237548828 0.71536558866500854492 0.68915277719497680664 0.42001441121101379395 0.70683121681213378906 0.69067680835723876953 0.67757040262222290039 0.68427598476409912109
