Gull_Island_10meter.asc
ncols        231
nrows        225
xllcorner    518334.861027376843
yllcorner    4324729.029947387986
cellsize     10.000000000000
NODATA_value  -9999
[rows 34 to 50 of 225, columns 120 to 159 of 231]
-0.86000001430511474609 -0.67000001668930053711 -0.64300000667572021484 -0.22499999403953552246 -0.45699998736381530762 -0.44900000095367431641 -0.47900000214576721191 -0.36399999260902404785 -0.34700000286102294922 -0.26699998974800109863 -0.23899999260902404785 -0.28600001335144042969 -0.19799999892711639404 -0.24099999666213989258 -0.23199999332427978516 -0.23499999940395355225 -0.13400000333786010742 -0.18700000643730163574 -0.26899999380111694336 -0.30500000715255737305 -0.31900000572204589844 -0.40700000524520874023 -0.63300001621246337891 -0.8529999852180480957 -1.2829999923706054688 -1.5249999761581420898 -1.5210000276565551758 -1.6629999876022338867 -1.5659999847412109375 -1.4210000038146972656 -1.4110000133514404297 -1.3949999809265136719 -1.5099999904632568359 -1.3919999599456787109 -1.5290000438690185547 -1.4969999790191650391 -1.3589999675750732422 -1.495000004768371582 -1.620000004768371582 -1.6970000267028808594
-0.92299997806549072266 -0.65600001811981201172 -0.67100000381469726562 -0.57800000905990600586 0.1180000007152557373 -0.25600001215934753418 -0.31000000238418579102 -0.24600000679492950439 -0.26399999856948852539 -0.27000001072883605957 -0.21500000357627868652 -0.15999999642372131348 -0.15899999439716339111 -0.2060000002384185791 -0.20499999821186065674 -0.18199999630451202393 -0.18700000643730163574 -0.14399999380111694336 -0.17900000512599945068 -0.32400000095367431641 -0.50400000810623168945 -0.54900002479553222656 -0.82800000905990600586 -1.1000000238418579102 -1.3259999752044677734 -1.4630000591278076172 -1.6239999532699584961 -1.5060000419616699219 -1.6169999837875366211 -1.5390000343322753906 -1.4600000381469726562 -1.5640000104904174805 -1.4579999446868896484 -1.4220000505447387695 -1.4819999933242797852 -1.4299999475479125977 -1.5590000152587890625 -1.6569999456405639648 -1.5920000076293945312 -1.7309999465942382812
0.68699997663497924805 -0.60000002384185791016 -0.013000000268220901489 2.2760000228881835938 1.3619999885559082031 0.26899999380111694336 -0.016000000759959220886 -0.065999999642372131348 -0.15999999642372131348 -0.15299999713897705078 -0.14499999582767486572 -0.20700000226497650146 -0.046000000089406967163 -0.097000002861022949219 -0.1180000007152557373 -0.19699999690055847168 -0.15600000321865081787 -0.17200000584125518799 -0.25099998712539672852 -0.38400000333786010742 -0.39500001072883605957 -0.54400002956390380859 -0.91000002622604370117 -1.2940000295639038086 -1.4440000057220458984 -1.629999995231628418 -1.5670000314712524414 -1.6449999809265136719 -1.5319999456405639648 -1.4689999818801879883 -1.495000004768371582 -1.5369999408721923828 -1.4190000295639038086 -1.5329999923706054688 -1.5509999990463256836 -1.4969999790191650391 -1.5529999732971191406 -1.5440000295639038086 -1.6410000324249267578 -1.7719999551773071289
2.2509999275207519531 1.8259999752044677734 2.4040000438690185547 2.5580000877380371094 2.3420000076293945312 0.81199997663497924805 -0.037000000476837158203 0.14100000262260437012 0.028999999165534973145 -0.14900000393390655518 -0.10400000214576721191 -0.037000000476837158203 0.0030000000260770320892 -0.10100000351667404175 0.028000000864267349243 -0.019999999552965164185 -0.07500000298023223877 -0.082000002264976501465 -0.25299999117851257324 -0.28400000929832458496 -0.51099997758865356445 -0.87300002574920654297 -1.1080000400543212891 -1.3250000476837158203 -1.5650000572204589844 -1.6280000209808349609 -1.5410000085830688477 -1.5690000057220458984 -1.5449999570846557617 -1.4720000028610229492 -1.4110000133514404297 -1.4479999542236328125 -1.511999964714050293 -1.3719999790191650391 -1.4479999542236328125 -1.4470000267028808594 -1.6440000534057617188 -1.6059999465942382812 -1.6950000524520874023 -1.7810000181198120117
2.5999999046325683594 2.5050001144409179688 2.4630000591278076172 2.5409998893737792969 2.4059998989105224609 2.3480000495910644531 -0.034000001847743988037 0.045000001788139343262 0.068999998271465301514 -0.023000000044703483582 0.018999999389052391052 0.018999999389052391052 0.014000000432133674622 -0.039999999105930328369 0.0049999998882412910461 -0.041000001132488250732 -0.079999998211860656738 -0.19499999284744262695 -0.16300000250339508057 -0.3970000147819519043 -0.69499999284744262695 -1.0549999475479125977 -1.363000035285949707 -1.4809999465942382812 -1.5379999876022338867 -1.5599999427795410156 -1.6759999990463256836 -1.5989999771118164062 -1.5140000581741333008 -1.4960000514984130859 -1.501999974250793457 -1.4819999933242797852 -1.4759999513626098633 -1.3719999790191650391 -1.3890000581741333008 -1.5329999923706054688 -1.4539999961853027344 -1.5970000028610229492 -1.6410000324249267578 -1.9179999828338623047
2.7920000553131103516 2.631999969482421875 2.7590000629425048828 2.6789999008178710938 2.6860001087188720703 2.4370000362396240234 1.4850000143051147461 -0.22699999809265136719 0.11999999731779098511 0.054000001400709152222 0.15600000321865081787 0.1230000033974647522 0.08900000154972076416 0.074000000953674316406 0.034000001847743988037 -0.097999997437000274658 -0.1180000007152557373 -0.23299999535083770752 -0.31900000572204589844 -0.62099999189376831055 -0.85900002717971801758 -1.1729999780654907227 -1.5329999923706054688 -1.5160000324249267578 -1.6019999980926513672 -1.625 -1.6679999828338623047 -1.7250000238418579102 -1.6519999504089355469 -1.5520000457763671875 -1.5099999904632568359 -1.5670000314712524414 -1.4479999542236328125 -1.4650000333786010742 -1.495000004768371582 -1.501999974250793457 -1.5410000085830688477 -1.6460000276565551758 -1.6820000410079956055 -1.9529999494552612305
1.9379999637603759766 1.9029999971389770508 2.7699999809265136719 2.4949998855590820312 2.5429999828338623047 2.6900000572204589844 2.3880000114440917969 0.36100000143051147461 -0.021999999880790710449 0.075999997556209564209 0.028999999165534973145 0.10400000214576721191 0.019999999552965164185 0.1180000007152557373 0.019999999552965164185 -0.068000003695487976074 -0.14300000667572021484 -0.25799998641014099121 -0.54000002145767211914 -0.75099998712539672852 -1.136999964714050293 -1.386999964714050293 -1.4140000343322753906 -1.5759999752044677734 -1.5889999866485595703 -1.6119999885559082031 -1.751999974250793457 -1.6139999628067016602 -1.5399999618530273438 -1.5820000171661376953 -1.5390000343322753906 -1.4119999408721923828 -1.3589999675750732422 -1.4179999828338623047 -1.4579999446868896484 -1.4539999961853027344 -1.4550000429153442383 -1.6219999790191650391 -1.8220000267028808594 -1.9689999818801879883
1.8240000009536743164 2.3880000114440917969 2.6429998874664306641 2.51399993896484375 2.5859999656677246094 2.6600000858306884766 2.4389998912811279297 2.2219998836517333984 -0.31499999761581420898 0.028999999165534973145 0.064000003039836883545 -0.0080000003799796104431 0.14800000190734863281 0.013000000268220901489 0.024000000208616256714 -0.0099999997764825820923 -0.23800000548362731934 -0.40599998831748962402 -0.76599997282028198242 -0.97000002861022949219 -1.379999995231628418 -1.4359999895095825195 -1.5399999618530273438 -1.7239999771118164062 -1.6410000324249267578 -1.7259999513626098633 -1.9290000200271606445 -1.6940000057220458984 -1.5579999685287475586 -1.5360000133514404297 -1.4459999799728393555 -1.4989999532699584961 -1.491000056266784668 -1.4279999732971191406 -1.4290000200271606445 -1.5499999523162841797 -1.6009999513626098633 -1.6449999809265136719 -1.8070000410079956055 -2.0299999713897705078
1.9819999933242797852 2.3840000629425048828 2.6300001144409179688 2.5 2.4670000076293945312 2.4730000495910644531 2.4609999656677246094 2.2820000648498535156 -0.39899998903274536133 -0.079999998211860656738 0.012000000104308128357 0.039999999105930328369 0.07100000232458114624 -0.028999999165534973145 -0.10199999809265136719 -0.25200000405311584473 -0.40299999713897705078 -0.73000001907348632812 -0.99400001764297485352 -1.2890000343322753906 -1.4490000009536743164 -1.5490000247955322266 -1.5529999732971191406 -1.6519999504089355469 -1.6720000505447387695 -1.7029999494552612305 -1.7710000276565551758 -1.6859999895095825195 -1.6890000104904174805 -1.5299999713897705078 -1.5249999761581420898 -1.4700000286102294922 -1.4110000133514404297 -1.493000030517578125 -1.4170000553131103516 -1.3890000581741333008 -1.5260000228881835938 -1.6440000534057617188 -1.8009999990463256836 -2.1080000400543212891
2.0339999198913574219 2.375 2.5850000381469726562 2.375 2.5169999599456787109 2.3940000534057617188 2.2679998874664306641 0.1729999929666519165 -0.42199999094009399414 -0.25299999117851257324 -0.0040000001899898052216 -0.039999999105930328369 -0.061999998986721038818 -0.046999998390674591064 -0.23199999332427978516 -0.42500001192092895508 -0.72200000286102294922 -0.95200002193450927734 -1.3519999980926513672 -1.4049999713897705078 -1.5559999942779541016 -1.6440000534057617188 -1.6399999856948852539 -1.7170000076293945312 -1.6640000343322753906 -1.7910000085830688477 -1.8600000143051147461 -1.6590000391006469727 -1.6660000085830688477 -1.5449999570846557617 -1.5210000276565551758 -1.3960000276565551758 -1.5140000581741333008 -1.4179999828338623047 -1.4090000391006469727 -1.4859999418258666992 -1.5479999780654907227 -1.6599999666213989258 -2.0179998874664306641 -2.0009999275207519531
2.1730000972747802734 2.2170000076293945312 2.4939999580383300781 2.4619998931884765625 2.3399999141693115234 2.1340000629425048828 0.070000000298023223877 -1.0240000486373901367 -0.59299999475479125977 -0.24500000476837158203 -0.01799999922513961792 0.10000000149011611938 -0.20000000298023223877 -0.18899999558925628662 -0.40200001001358032227 -0.68599998950958251953 -0.91900002956390380859 -1.2610000371932983398 -1.3329999446868896484 -1.4780000448226928711 -1.6590000391006469727 -1.6770000457763671875 -1.6909999847412109375 -1.6900000572204589844 -1.7690000534057617188 -1.875 -1.9819999933242797852 -1.8960000276565551758 -1.7089999914169311523 -1.5889999866485595703 -1.4750000238418579102 -1.4149999618530273438 -1.4570000171661376953 -1.3619999885559082031 -1.3919999599456787109 -1.5210000276565551758 -1.5870000123977661133 -1.7359999418258666992 -2.0390000343322753906 -1.9659999608993530273
1.7890000343322753906 2.4660000801086425781 2.5190000534057617188 2.4430000782012939453 2.6349999904632568359 1.7779999971389770508 0.043000001460313796997 -1.0509999990463256836 -0.79199999570846557617 -0.29800000786781311035 -0.11999999731779098511 -0.093999996781349182129 -0.32699999213218688965 -0.42800000309944152832 -0.61000001430511474609 -0.91100001335144042969 -1.3320000171661376953 -1.4249999523162841797 -1.4520000219345092773 -1.5700000524520874023 -1.6890000104904174805 -1.7050000429153442383 -1.7749999761581420898 -1.7630000114440917969 -1.8109999895095825195 -1.9440000057220458984 -1.9919999837875366211 -1.9270000457763671875 -1.7079999446868896484 -1.5779999494552612305 -1.5590000152587890625 -1.4589999914169311523 -1.4390000104904174805 -1.491000056266784668 -1.5520000457763671875 -1.504999995231628418 -1.6829999685287475586 -1.7899999618530273438 -2.0380001068115234375 -1.8999999761581420898
2.4700000286102294922 2.6219999790191650391 2.3450000286102294922 2.9200000762939453125 2.4030001163482666016 1.9010000228881835938 -0.74000000953674316406 -1.0950000286102294922 -0.9120000004768371582 -0.49599999189376831055 -0.32300001382827758789 -0.3310000002384185791 -0.47699999809265136719 -0.7210000157356262207 -0.94800001382827758789 -1.1569999456405639648 -1.3029999732971191406 -1.5199999809265136719 -1.616000056266784668 -1.5579999685287475586 -1.6720000505447387695 -1.8209999799728393555 -1.9049999713897705078 -1.9149999618530273438 -2.0190000534057617188 -2.0109999179840087891 -1.876999974250793457 -2.0529999732971191406 -1.6469999551773071289 -1.6599999666213989258 -1.5939999818801879883 -1.495000004768371582 -1.5429999828338623047 -1.4769999980926513672 -1.5 -1.6619999408721923828 -1.6779999732971191406 -1.993000030517578125 -2.0539999008178710938 -1.8409999608993530273
2.5320000648498535156 2.5380001068115234375 2.6640000343322753906 2.4979999065399169922 2.4049999713897705078 1.7999999523162841797 -1.1139999628067016602 -1.0679999589920043945 -1.2389999628067016602 -0.7720000147819519043 -0.48800000548362731934 -0.50400000810623168945 -0.61699998378753662109 -0.83899998664855957031 -1.0620000362396240234 -1.2760000228881835938 -1.3710000514984130859 -1.5269999504089355469 -1.4939999580383300781 -1.5770000219345092773 -1.6549999713897705078 -1.8420000076293945312 -1.748000025749206543 -1.9140000343322753906 -1.9329999685287475586 -2.0750000476837158203 -1.8220000267028808594 -2.1199998855590820312 -1.8029999732971191406 -1.7139999866485595703 -1.6440000534057617188 -1.5540000200271606445 -1.5590000152587890625 -1.4440000057220458984 -1.5440000295639038086 -1.6610000133514404297 -1.8129999637603759766 -1.9850000143051147461 -1.8489999771118164062 -1.8380000591278076172
2.4419999122619628906 2.5369999408721923828 2.61100006103515625 2.5799999237060546875 2.4430000782012939453 1.3910000324249267578 -0.39599999785423278809 -1.25 -1.1720000505447387695 -0.98000001907348632812 -0.72299998998641967773 -0.83700001239776611328 -0.87000000476837158203 -1.1390000581741333008 -1.3070000410079956055 -1.243000030517578125 -1.4129999876022338867 -1.5299999713897705078 -1.6289999485015869141 -1.6579999923706054688 -1.6139999628067016602 -1.7890000343322753906 -1.9170000553131103516 -1.8849999904632568359 -1.9750000238418579102 -2.0929999351501464844 -1.7819999456405639648 -1.7719999551773071289 -1.9220000505447387695 -1.7469999790191650391 -1.741000056266784668 -1.6440000534057617188 -1.5970000028610229492 -1.5880000591278076172 -1.6549999713897705078 -1.7929999828338623047 -1.8949999809265136719 -1.9229999780654907227 -1.9049999713897705078 -1.8380000591278076172
1.6929999589920043945 2.63899993896484375 2.6770000457763671875 2.4909999370574951172 2.4449999332427978516 2.1429998874664306641 0.62400001287460327148 -1.2300000190734863281 -1.1000000238418579102 -0.93800002336502075195 -0.86100000143051147461 -0.98600000143051147461 -0.99099999666213989258 -1.1050000190734863281 -1.3619999885559082031 -1.3739999532699584961 -1.495000004768371582 -1.4680000543594360352 -1.4720000028610229492 -1.6419999599456787109 -1.8710000514984130859 -1.754999995231628418 -1.9550000429153442383 -1.8960000276565551758 -2.0039999485015869141 -1.9759999513626098633 -1.8919999599456787109 -1.8329999446868896484 -1.7530000209808349609 -1.7699999809265136719 -1.8200000524520874023 -1.6959999799728393555 -1.5930000543594360352 -1.5700000524520874023 -1.7460000514984130859 -1.7489999532699584961 -2.0529999732971191406 -1.9390000104904174805 -1.8530000448226928711 -1.8129999637603759766
1.3589999675750732422 1.5299999713897705078 2.5099999904632568359 2.5759999752044677734 2.4000000953674316406 2.0599999427795410156 0.76499998569488525391 -0.081000000238418579102 -1.2139999866485595703 -1.006999969482421875 -0.98400002717971801758 -1.0379999876022338867 -1.1449999809265136719 -1.2769999504089355469 -1.2319999933242797852 -1.4329999685287475586 -1.4409999847412109375 -1.4559999704360961914 -1.6069999933242797852 -1.6019999980926513672 -1.7339999675750732422 -1.758999943733215332 -1.7849999666213989258 -1.7790000438690185547 -1.8719999790191650391 -2.0220000743865966797 -2.0230000019073486328 -1.9420000314712524414 -2.0469999313354492188 -2.0680000782012939453 -1.8309999704360961914 -1.7949999570846557617 -1.7539999485015869141 -1.754999995231628418 -1.7250000238418579102 -1.8470000028610229492 -2.0550000667572021484 -1.7669999599456787109 -1.9550000429153442383 -1.8760000467300415039
