Gull_Island_10meter.asc
ncols        231
nrows        225
xllcorner    518334.861027376843
yllcorner    4324729.029947387986
cellsize     10.000000000000
NODATA_value  -9999
[rows 51 to 67 of 225, columns 0 to 39 of 231]
1.9769999980926513672 1.9160000085830688477 1.9220000505447387695 1.8009999990463256836 1.9320000410079956055 2.2439999580383300781 2.618000030517578125 2.6519999504089355469 2.6589999198913574219 2.5550000667572021484 2.7249999046325683594 2.6730000972747802734 2.9560000896453857422 -0.7870000004768371582 -1.9700000286102294922 2.5569999217987060547 2.8640000820159912109 2.5320000648498535156 2.5439999103546142578 2.5880000591278076172 2.6870000362396240234 2.6789999008178710938 2.5910000801086425781 2.4760000705718994141 2.4820001125335693359 1.6150000095367431641 -2.1359999179840087891 -2.0789999961853027344 -2.1010000705718994141 -2.0299999713897705078 -2.0550000667572021484 -2.1559998989105224609 -2.1099998950958251953 -2.1059999465942382812 -1.9459999799728393555 -2.0409998893737792969 -2.0490000247955322266 -2.1240000724792480469 -2.0580000877380371094 -2.0669999122619628906
1.9769999980926513672 1.9409999847412109375 1.8569999933242797852 2.0239999294281005859 2.0680000782012939453 1.620000004768371582 2.1349999904632568359 2.3940000534057617188 2.7449998855590820312 2.7009999752044677734 2.6979999542236328125 2.6719999313354492188 2.6359999179840087891 2.76399993896484375 -1.8589999675750732422 2.11100006103515625 2.5520000457763671875 2.5329999923706054688 2.5469999313354492188 2.6700000762939453125 2.6900000572204589844 2.6170001029968261719 2.5659999847412109375 2.3970000743865966797 2.4619998931884765625 2.2890000343322753906 -2.0840001106262207031 -2.0989999771118164062 -2.0920000076293945312 -2.0009999275207519531 -2.1359999179840087891 -2.0699999332427978516 -2.0820000171661376953 -2.1510000228881835938 -2.1240000724792480469 -2.0450000762939453125 -2.0079998970031738281 -2.1340000629425048828 -2.1329998970031738281 -2.0220000743865966797
1.9270000457763671875 2.0399999618530273438 2.5969998836517333984 2.3480000495910644531 2 1.5 1.623000025749206543 1.9750000238418579102 2.2279999256134033203 2.6210000514984130859 2.6760001182556152344 2.2030000686645507812 2.3970000743865966797 2.5989999771118164062 -1.988000035285949707 -1.1959999799728393555 2.493000030517578125 2.4920001029968261719 2.6380000114440917969 2.5780000686645507812 2.5109999179840087891 2.5520000457763671875 2.6270000934600830078 2.6600000858306884766 2.6800000667572021484 0.98000001907348632812 -1.6349999904632568359 -2.1129999160766601562 -2.0699999332427978516 -2.1099998950958251953 -2.1259999275207519531 -2.0840001106262207031 -2.0880000591278076172 -2.0510001182556152344 -2.1419999599456787109 -2.0179998874664306641 -2.1900000572204589844 -2.1070001125335693359 -2.1610000133514404297 -2.1940000057220458984
1.9110000133514404297 2.2249999046325683594 2.0539999008178710938 2.1589999198913574219 2.0469999313354492188 1.6330000162124633789 1.5080000162124633789 2.2599999904632568359 2.1240000724792480469 2.5969998836517333984 2.8139998912811279297 2.1719999313354492188 2.2309999465942382812 2.6619999408721923828 0.91900002956390380859 -1.9309999942779541016 2.3310000896453857422 2.6819999217987060547 2.7079999446868896484 2.6679999828338623047 2.5480000972747802734 2.6589999198913574219 2.6849999427795410156 2.7679998874664306641 2.6960000991821289062 2.4260001182556152344 1.6890000104904174805 -2.0659999847412109375 -2.0729999542236328125 -2.0360000133514404297 -2.0599999427795410156 -2.1370000839233398438 -2.0720000267028808594 -2.0590000152587890625 -1.991000056266784668 -2.11100006103515625 -2.1029999256134033203 -2.0360000133514404297 -2.1340000629425048828 -2.1099998950958251953
1.6859999895095825195 1.8289999961853027344 1.8209999799728393555 1.988000035285949707 1.9249999523162841797 1.8109999895095825195 1.4889999628067016602 1.4099999666213989258 2.4040000438690185547 2.5869998931884765625 2.2079999446868896484 2.2149999141693115234 2.2279999256134033203 2.6270000934600830078 2.1640000343322753906 -1.7960000038146972656 2.3420000076293945312 2.7699999809265136719 2.5350000858306884766 2.6630001068115234375 2.3029999732971191406 2.6849999427795410156 2.7279999256134033203 2.6649999618530273438 2.6219999790191650391 2.5230000019073486328 0.5370000004768371582 -2.0769999027252197266 -2.0759999752044677734 -2.125 -2.104000091552734375 -2.0940001010894775391 -2.0429999828338623047 -2.0659999847412109375 -2.1080000400543212891 -2.0799999237060546875 -2.0529999732971191406 -2.1640000343322753906 -2.125 -2.1119999885559082031
1.6100000143051147461 1.8559999465942382812 1.4450000524520874023 1.5030000209808349609 1.501999974250793457 1.7200000286102294922 2.0940001010894775391 1.4390000104904174805 2.4179999828338623047 2.6019999980926513672 2.0810000896453857422 2.1789999008178710938 2.3650000095367431641 2.6689999103546142578 2.9059998989105224609 -1.886999964714050293 1.8439999818801879883 2.8740000724792480469 2.256999969482421875 2.2520000934600830078 2.2960000038146972656 2.2300000190734863281 2.8980000019073486328 2.6989998817443847656 2.5940001010894775391 2.4879999160766601562 0.88599997758865356445 -2.1080000400543212891 -2.0420000553131103516 -2.0940001010894775391 -2.0739998817443847656 -2.1089999675750732422 -2.2279999256134033203 -2.2019999027252197266 -2.0390000343322753906 -2.1140000820159912109 -2.0659999847412109375 -2.1559998989105224609 -2.0920000076293945312 -2.2679998874664306641
1.2009999752044677734 1.3550000190734863281 1.3430000543594360352 1.4290000200271606445 1.1150000095367431641 1.4859999418258666992 2.2550001144409179688 2.3129999637603759766 1.5310000181198120117 2.6900000572204589844 2.1970000267028808594 2.4879999160766601562 2.5610001087188720703 2.6170001029968261719 2.7170000076293945312 -1.8710000514984130859 2.5250000953674316406 2.3359999656677246094 2.1830000877380371094 2.2320001125335693359 2.6380000114440917969 2.8210000991821289062 2.7509999275207519531 2.7469999790191650391 2.5 2.3039999008178710938 -0.81699997186660766602 -2.0039999485015869141 -2.0989999771118164062 -2.0309998989105224609 -2.104000091552734375 -2.0899999141693115234 -2.0929999351501464844 -2.0729999542236328125 -2.0929999351501464844 -2.0109999179840087891 -2.1800000667572021484 -2.1970000267028808594 -2.0550000667572021484 -2.0569999217987060547
1.1080000400543212891 1.1660000085830688477 1.1289999485015869141 1.251999974250793457 1.3099999427795410156 1.4600000381469726562 2.4019999504089355469 2.4200000762939453125 2.5130000114440917969 2.5469999313354492188 2.0260000228881835938 2.6500000953674316406 2.6870000362396240234 2.520999908447265625 1.6749999523162841797 -1.8580000400543212891 2.4969999790191650391 2.6080000400543212891 2.2690000534057617188 2.2260000705718994141 2.5510001182556152344 2.3929998874664306641 2.8299999237060546875 2.6989998817443847656 2.6640000343322753906 2.3310000896453857422 -2.0710000991821289062 -2 -2.0920000076293945312 -2.0810000896453857422 -1.9529999494552612305 -2.125 -2.0639998912811279297 -2.0759999752044677734 -2.1619999408721923828 -2.0639998912811279297 -2.1410000324249267578 -2.0680000782012939453 -2.1289999485015869141 -2.2109999656677246094
1.1920000314712524414 1.1720000505447387695 1.1540000438690185547 1.2220000028610229492 1.4049999713897705078 2.1860001087188720703 2.11100006103515625 2.3210000991821289062 2.5220000743865966797 2.6510000228881835938 2.6229999065399169922 2.6940000057220458984 2.6289999485015869141 2.6840000152587890625 -1.7929999828338623047 -0.31799998879432678223 2.5580000877380371094 2.2720000743865966797 2.1800000667572021484 2.2479999065399169922 2.5989999771118164062 2.1029999256134033203 2.6860001087188720703 2.6640000343322753906 2.5620000362396240234 -1.0950000286102294922 -2.0759999752044677734 -2.0629999637603759766 -2.1010000705718994141 -2.1530001163482666016 -1.998000025749206543 -2.0780000686645507812 -2.0309998989105224609 -2.0840001106262207031 -2.1440000534057617188 -2.0299999713897705078 -2.0610001087188720703 -2.1589999198913574219 -2.1219999790191650391 -2.0439999103546142578
1.6430000066757202148 1.2189999818801879883 1.2330000400543212891 1.2510000467300415039 1.5509999990463256836 2.38899993896484375 2.0329999923706054688 2.4159998893737792969 2.6070001125335693359 2.5 2.5829999446868896484 2.6879999637603759766 2.756999969482421875 -1.9110000133514404297 -1.6560000181198120117 2.5309998989105224609 2.6080000400543212891 2.2369999885559082031 2.0920000076293945312 2.2269999980926513672 2.6480000019073486328 2.7939999103546142578 2.7760000228881835938 2.5559999942779541016 2.4379999637603759766 2.1240000724792480469 -2.0610001087188720703 -2.0769999027252197266 -2.01399993896484375 -2.0869998931884765625 -2.0889999866485595703 -2.0799999237060546875 -2.104000091552734375 -2.104000091552734375 -2.0759999752044677734 -2.1510000228881835938 -2.1589999198913574219 -2.1800000667572021484 -2.0729999542236328125 -2.2039999961853027344
2.2369999885559082031 1.866000056266784668 1.2269999980926513672 1.3020000457763671875 1.4229999780654907227 2.1979999542236328125 2.3110001087188720703 2.5280001163482666016 2.5420000553131103516 2.5950000286102294922 2.5789999961853027344 2.8440001010894775391 2.1879999637603759766 -1.9869999885559082031 2.2090001106262207031 2.5199999809265136719 2.6700000762939453125 2.1380000114440917969 2.1210000514984130859 2.6070001125335693359 2.6870000362396240234 2.7320001125335693359 2.7179999351501464844 2.6219999790191650391 2.4730000495910644531 2.0230000019073486328 -2.0460000038146972656 -2.0699999332427978516 -2.0780000686645507812 -2.0490000247955322266 -2.1089999675750732422 -1.9429999589920043945 -2.1510000228881835938 -2.1329998970031738281 -2.0150001049041748047 -2.0759999752044677734 -2.0840001106262207031 -2.0099999904632568359 -2.0539999008178710938 -2.0739998817443847656
1.8609999418258666992 1.5889999866485595703 1.6660000085830688477 1.4040000438690185547 2.1219999790191650391 2.2070000171661376953 2.7269999980926513672 2.6579999923706054688 2.479000091552734375 2.5439999103546142578 2.5950000286102294922 2.6270000934600830078 1.9759999513626098633 -1.875 2.2509999275207519531 2.5179998874664306641 2.6949999332427978516 2.5120000839233398438 2.4509999752044677734 2.6640000343322753906 2.6860001087188720703 2.9149999618530273438 2.6630001068115234375 2.625 2.4830000400543212891 2.2820000648498535156 -2.0650000572204589844 -2.0220000743865966797 -2.0639998912811279297 -2.1289999485015869141 -2.0050001144409179688 -2.0669999122619628906 -2.1219999790191650391 -1.9290000200271606445 -2.1029999256134033203 -2.2190001010894775391 -2.0780000686645507812 -2.0729999542236328125 -2.1659998893737792969 -2.0559999942779541016
1.9490000009536743164 2.354000091552734375 2.2890000343322753906 2.3900001049041748047 2.2920000553131103516 2.38899993896484375 2.6670000553131103516 2.6429998874664306641 2.5669999122619628906 2.5199999809265136719 2.6010000705718994141 2.6749999523162841797 2.6059999465942382812 -1.9689999818801879883 1.0240000486373901367 2.4849998950958251953 2.5950000286102294922 2.5620000362396240234 2.6059999465942382812 2.6549999713897705078 2.6640000343322753906 2.8469998836517333984 2.5599999427795410156 2.5460000038146972656 2.4119999408721923828 1.8550000190734863281 -2.0510001182556152344 -2.0889999866485595703 -1.9479999542236328125 -2.0429999828338623047 -2.1380000114440917969 -2.0179998874664306641 -2.0910000801086425781 -2.0559999942779541016 -2.0409998893737792969 -2.0729999542236328125 -2.0720000267028808594 -2.1329998970031738281 -2.1489999294281005859 -2.0929999351501464844
2.4070000648498535156 2.4530000686645507812 2.4340000152587890625 2.3340001106262207031 2.381999969482421875 2.3689999580383300781 2.2860000133514404297 2.4149999618530273438 2.4230000972747802734 2.5920000076293945312 2.5699999332427978516 2.5559999942779541016 2.5650000572204589844 0.18199999630451202393 -1.866000056266784668 2.5590000152587890625 2.5539999008178710938 2.8050000667572021484 2.6819999217987060547 2.5959999561309814453 2.7390000820159912109 2.6419999599456787109 2.4240000247955322266 2.4760000705718994141 0.39599999785423278809 -2.0409998893737792969 -2.0329999923706054688 -2.0780000686645507812 -2.0959999561309814453 -2.0869998931884765625 -2.0590000152587890625 -2.0720000267028808594 -2.0820000171661376953 -2.1280000209808349609 -2.0469999313354492188 -2.1210000514984130859 -2.1300001144409179688 -2.1029999256134033203 -2.0959999561309814453 -2.2070000171661376953
2.3810000419616699219 1.9290000200271606445 2.4140000343322753906 2.5109999179840087891 2.4660000801086425781 1.8899999856948852539 2.1610000133514404297 2.3399999141693115234 2.6129999160766601562 2.5999999046325683594 2.6119999885559082031 2.5109999179840087891 2.6500000953674316406 2.5250000953674316406 -1.8999999761581420898 -0.41299998760223388672 2.5910000801086425781 2.5929999351501464844 2.6099998950958251953 2.9040000438690185547 2.7420001029968261719 2.6649999618530273438 1.7120000123977661133 -1.2539999485015869141 -1.8329999446868896484 -2.1070001125335693359 -2.0920000076293945312 -2.0880000591278076172 -2.1210000514984130859 -2.0650000572204589844 -2.0989999771118164062 -2.0199999809265136719 -2.0290000438690185547 -2.1340000629425048828 -2.1050000190734863281 -2.0680000782012939453 -2.0869998931884765625 -2.0569999217987060547 -2.1909999847412109375 -2.0639998912811279297
2.4079999923706054688 2.4070000648498535156 2.4760000705718994141 2.3469998836517333984 2.4210000038146972656 2.1359999179840087891 2.3110001087188720703 2.6349999904632568359 2.5840001106262207031 2.5940001010894775391 2.5980000495910644531 2.5460000038146972656 2.5880000591278076172 2.5499999523162841797 0.07500000298023223877 -1.8650000095367431641 2.3199999332427978516 2.6659998893737792969 2.9909999370574951172 2.5099999904632568359 0.72899997234344482422 -1.2439999580383300781 -1.3890000581741333008 -1.738000035285949707 -2.0680000782012939453 -2.1070001125335693359 -2.1059999465942382812 -2.0880000591278076172 -2.0569999217987060547 -2.0659999847412109375 -2.0499999523162841797 -2.1410000324249267578 -2.1070001125335693359 -2.0520000457763671875 -2.1280000209808349609 -2.0109999179840087891 -2.1070001125335693359 -2.0199999809265136719 -2.1489999294281005859 -2.0859999656677246094
2.1380000114440917969 2.8789999485015869141 2.3800001144409179688 2.493000030517578125 2.2990000247955322266 2.2669999599456787109 2.4679999351501464844 2.4370000362396240234 2.5859999656677246094 2.5190000534057617188 2.6640000343322753906 2.625 2.5460000038146972656 2.4969999790191650391 2.4619998931884765625 -1.8890000581741333008 -0.30599999427795410156 2.5429999828338623047 1.2189999818801879883 -1.2289999723434448242 -1.2460000514984130859 -1.3569999933242797852 -1.6610000133514404297 -1.9359999895095825195 -2.0910000801086425781 -2.1429998874664306641 -2.0840001106262207031 -2.0499999523162841797 -2.0720000267028808594 -2.0320000648498535156 -2.1019999980926513672 -2.0520000457763671875 -2.0320000648498535156 -2.0599999427795410156 -2.0810000896453857422 -2.0999999046325683594 -2.0710000991821289062 -2.2409999370574951172 -2.0799999237060546875 -2.1819999217987060547
