Gull_Island_mini_10meter_units_meters.asc
ncols        52
nrows        61
xllcorner    518874.861027376843
yllcorner    4324809.029947387986
cellsize     10.000000000000
NODATA_value  -3.4028234663852885981e+38
[rows 17 to 33 of 61, columns 0 to 38 of 52]
0.77053445577621459961 0.63642239570617675781 0.70286881923675537109 0.78364080190658569336 0.69890642166137695312 0.61020964384078979492 0.49316641688346862793 0.0085344007238745689392 0.59496963024139404297 0.54681122303009033203 0.56936639547348022461 0.5858256220817565918 0.71597516536712646484 0.7110983729362487793 0.73578721284866333008 0.73212957382202148438 0.7095744013786315918 0.69921118021011352539 0.50048160552978515625 -0.60015118122100830078 0.56266081333160400391 0.69342005252838134766 0.37124642729759216309 0.32826960086822509766 0.29717999696731567383 0.37002718448638916016 0.45384719967842102051 0.60198003053665161133 0.5672327876091003418 0.54589682817459106445 0.65897756814956665039 0.70347845554351806641 0.65562480688095092773 0.64465200901031494141 0.47731679677963256836 0.67482721805572509766 0.66019678115844726562 0.43982639908790588379 0.63764160871505737305
0.5977128148078918457 0.67025518417358398438 0.72146165370941162109 0.72999596595764160156 0.57119518518447875977 0.32918402552604675293 0.51663601398468017578 0.34594801068305969238 0.54498237371444702148 0.54193437099456787109 0.43251121044158935547 0.43373039364814758301 0.66476881504058837891 0.70713597536087036133 0.72085201740264892578 0.70286881923675537109 0.67726558446884155273 0.75681841373443603516 0.50322479009628295898 -0.54315358400344848633 0.61356240510940551758 0.67848479747772216797 0.35448238253593444824 0.33040320873260498047 0.27188161015510559082 0.24871680140495300293 0.44592240452766418457 0.42306241393089294434 0.65379601716995239258 0.50261521339416503906 0.70378321409225463867 0.70561200380325317383 0.27889201045036315918 -0.039014402776956558228 0.48249837756156921387 0.45963841676712036133 0.51785522699356079102 0.59984642267227172852 0.064922399818897247314
0.75011277198791503906 0.70805037021636962891 0.72694802284240722656 0.75316077470779418945 0.56570875644683837891 0.22158959507942199707 0.58978796005249023438 0.56174641847610473633 0.4971288144588470459 0.47579279541969299316 0.45140877366065979004 0.49164241552352905273 0.69677281379699707031 0.68732404708862304688 0.70286881923675537109 0.70774561166763305664 0.71018397808074951172 0.73426318168640136719 0.46908721327781677246 -0.56784242391586303711 0.54589682817459106445 0.70622158050537109375 0.36576002836227416992 0.34716722369194030762 0.29504638910293579102 0.26913839578628540039 0.33070799708366394043 0.42153841257095336914 0.48036479949951171875 0.70896476507186889648 0.71353679895401000977 0.68275201320648193359 0.68671441078186035156 0.094488002359867095947 0.65836805105209350586 0.23256240785121917725 0.24993599951267242432 0.42001441121101379395 0.63764160871505737305
0.70774561166763305664 0.73761600255966186523 0.71871840953826904297 0.71292722225189208984 0.58978796005249023438 0.26517599821090698242 -0.15941040217876434326 0.31546798348426818848 0.30053278803825378418 0.55717438459396362305 0.42671999335289001465 0.4971288144588470459 0.64038479328155517578 0.70713597536087036133 0.69890642166137695312 0.68336164951324462891 0.71353679895401000977 0.62544959783554077148 0.52943760156631469727 -0.54985922574996948242 -0.1164335981011390686 0.77083921432495117188 0.6007607579231262207 0.52730399370193481445 0.32034480571746826172 0.57180482149124145508 0.51023519039154052734 0.29535120725631713867 0.58064401149749755859 0.70073521137237548828 0.59527438879013061523 0.64556640386581420898 0.51450240612030029297 0.4367783963680267334 0.69067680835723876953 0.64526164531707763672 0.48097437620162963867 0.68945765495300292969 0.48828959465026855469
0.70164960622787475586 0.72024238109588623047 0.73060560226440429688 0.70103996992111206055 0.55321204662322998047 0.32918402552604675293 0.49865281581878662109 0.14752319455146789551 0.40264078974723815918 0.5522975921630859375 0.29443681240081787109 0.4285488128662109375 0.62453520298004150391 0.69159120321273803711 0.68397116661071777344 0.65471041202545166016 0.714756011962890625 0.73883521556854248047 0.4904232025146484375 -0.58369201421737670898 -0.0015239999629557132721 0.70530718564987182617 0.50261521339416503906 0.34838640689849853516 0.29504638910293579102 0.28803598880767822266 0.37246561050415039062 0.48737519979476928711 0.66537845134735107422 0.67391276359558105469 0.41178479790687561035 0.54254400730133056641 0.67116957902908325195 0.67574161291122436523 0.70774561166763305664 0.62148720026016235352 0.49011841416358947754 0.46908721327781677246 0.5120639801025390625
0.70866000652313232422 0.71719437837600708008 0.72633838653564453125 0.68732404708862304688 0.56662321090698242188 0.49316641688346862793 0.36941760778427124023 0.31485840678215026855 0.41361358761787414551 0.28742641210556030273 0.45872399210929870605 0.45445680618286132812 0.70225918292999267578 0.69159120321273803711 0.70134484767913818359 0.70561200380325317383 0.73273921012878417969 0.74401676654815673828 0.65684401988983154297 -0.5708904266357421875 0.21732239425182342529 0.71018397808074951172 0.50840640068054199219 0.38039040565490722656 0.34290000796318054199 0.29199841618537902832 0.36972242593765258789 0.6477000117301940918 0.65410077571868896484 0.69250559806823730469 0.55778402090072631836 0.29900881648063659668 0.5306568145751953125 0.54772561788558959961 0.54284882545471191406 0.69372481107711791992 0.59679836034774780273 0.47426879405975341797 0.30327600240707397461
0.74066400527954101562 0.70286881923675537109 0.71048885583877563477 0.7199376225471496582 0.66995036602020263672 0.50505357980728149414 0.42031916975975036621 0.51694077253341674805 0.48707041144371032715 0.30083760619163513184 0.50596797466278076172 0.40081202983856201172 0.42519599199295043945 0.6611111760139465332 0.7184136509895324707 0.66050159931182861328 0.73578721284866333008 0.62270641326904296875 0.61356240510940551758 -0.52943760156631469727 -0.021336000412702560425 0.70896476507186889648 0.5306568145751953125 0.42062398791313171387 0.34168082475662231445 0.4151375889778137207 0.3547872006893157959 0.71567040681838989258 0.68000876903533935547 0.55412638187408447266 0.68793356418609619141 0.70469760894775390625 0.62179195880889892578 0.74584561586380004883 0.61234319210052490234 0.5522975921630859375 0.69402956962585449219 0.58887362480163574219 0.55168795585632324219
0.68762880563735961914 0.70347845554351806641 0.7385304570198059082 0.70561200380325317383 0.68488562107086181641 0.55625998973846435547 0.47579279541969299316 0.4553712010383605957 0.27218639850616455078 0.37368479371070861816 0.4501895904541015625 0.36271202564239501953 0.36423602700233459473 0.56936639547348022461 0.71658480167388916016 0.62605917453765869141 0.64129924774169921875 0.64617598056793212891 0.63459360599517822266 -0.43281599879264831543 -0.64129924774169921875 0.73639678955078125 0.58673995733261108398 0.5068823695182800293 0.37520879507064819336 0.31272479891777038574 0.32674559950828552246 0.74340718984603881836 0.72268080711364746094 0.74950325489044189453 0.73426318168640136719 0.69768720865249633789 0.7348728179931640625 0.71323198080062866211 0.71658480167388916016 0.46177199482917785645 0.71810877323150634766 0.6544055938720703125 0.61386716365814208984
0.63306957483291625977 0.70713597536087036133 0.70744085311889648438 0.71445125341415405273 0.6662928462028503418 0.68915277719497680664 0.49133759737014770508 0.55869835615158081055 0.44256961345672607422 0.49255681037902832031 0.48859441280364990234 0.4166615903377532959 0.40203121304512023926 0.58369201421737670898 0.73792082071304321289 0.70926958322525024414 0.66659760475158691406 0.72390002012252807617 0.52608478069305419922 -0.11612880229949951172 -0.57302397489547729492 0.68701916933059692383 0.72024238109588623047 0.50322479009628295898 0.44592240452766418457 0.34777680039405822754 0.21031199395656585693 0.49225199222564697266 0.67696076631546020508 0.69402956962585449219 0.38953441381454467773 0.75742799043655395508 0.77754485607147216797 0.65501517057418823242 0.70347845554351806641 0.77358245849609375 0.71780401468276977539 0.71445125341415405273 0.73212957382202148438
0.54803037643432617188 0.69433444738388061523 0.73517757654190063477 0.70256400108337402344 0.72847205400466918945 0.69281041622161865234 0.66995036602020263672 0.55930799245834350586 0.50901597738265991211 0.50474882125854492188 0.50871121883392333984 0.47426879405975341797 0.56174641847610473633 0.696163177490234375 0.60899043083190917969 0.61264801025390625 0.69951599836349487305 0.7229855656623840332 0.72694802284240722656 0.52608478069305419922 -0.5791199803352355957 0.028346400707960128784 0.74401676654815673828 0.64526164531707763672 0.36027359962463378906 0.33832800388336181641 0.696163177490234375 0.18623280525207519531 0.59039759635925292969 0.40050721168518066406 0.47335439920425415039 0.28955999016761779785 0.78425037860870361328 0.71688961982727050781 0.7296912074089050293 0.73212957382202148438 0.74340718984603881836 0.71170800924301147461 0.67360800504684448242
0.63672721385955810547 0.62575441598892211914 0.6611111760139465332 0.68549519777297973633 0.72207117080688476562 0.70926958322525024414 0.69951599836349487305 0.6678168177604675293 0.59496963024139404297 0.66476881504058837891 0.65745359659194946289 0.67391276359558105469 0.67848479747772216797 0.71018397808074951172 0.77693521976470947266 0.59740799665451049805 0.65318638086318969727 0.6275832056999206543 0.65257680416107177734 0.10180319845676422119 -0.51602637767791748047 -0.5321807861328125 0.75986641645431518555 0.69524878263473510742 0.67116957902908325195 0.47914561629295349121 0.47000160813331604004 0.32308799028396606445 0.21823680400848388672 0.33009839057922363281 0.31272479891777038574 0.28346401453018188477 0.28041601181030273438 0.7229855656623840332 0.70987921953201293945 0.78425037860870361328 0.7199376225471496582 0.71170800924301147461 0.43403521180152893066
0.62483996152877807617 0.5708904266357421875 0.74249285459518432617 0.6544055938720703125 0.7312151789665222168 0.72572880983352661133 0.70622158050537109375 0.69829678535461425781 0.71262240409851074219 0.72633838653564453125 0.71506077051162719727 0.72694802284240722656 0.72999596595764160156 0.66019678115844726562 0.6312408447265625 0.65196716785430908203 0.64251840114593505859 0.64891916513442993164 0.63916558027267456055 0.68427598476409912109 -0.37917119264602661133 -0.54620164632797241211 0.72085201740264892578 0.54467755556106567383 0.70500236749649047852 0.62026804685592651367 0.30601918697357177734 0.30449521541595458984 0.32034480571746826172 0.35051998496055603027 0.28285437822341918945 0.32674559950828552246 0.74188321828842163086 0.69829678535461425781 0.74005436897277832031 0.72115677595138549805 0.72390002012252807617 0.54132479429244995117 0.41239440441131591797
0.69494396448135375977 0.60228478908538818359 0.70713597536087036133 0.66476881504058837891 0.71201276779174804688 0.71262240409851074219 0.70835518836975097656 0.69524878263473510742 0.70256400108337402344 0.68671441078186035156 0.63886076211929321289 0.6208775639533996582 0.64373761415481567383 0.74736958742141723633 0.64282321929931640625 0.65379601716995239258 0.64282321929931640625 0.63337439298629760742 0.67147439718246459961 0.52730399370193481445 -0.2392680048942565918 -0.52943760156631469727 0.63215517997741699219 0.39197281002998352051 0.73913997411727905273 0.68244725465774536133 0.35448238253593444824 0.3145535886287689209 0.26883360743522644043 0.27188161015510559082 0.24932640790939331055 0.27462479472160339355 0.33253678679466247559 0.69250559806823730469 0.62941199541091918945 0.71780401468276977539 0.72024238109588623047 0.38618159294128417969 0.55808877944946289062
0.74096882343292236328 0.72694802284240722656 0.6998208165168762207 0.68671441078186035156 0.71871840953826904297 0.70439285039901733398 0.696163177490234375 0.71170800924301147461 0.66385442018508911133 0.61203837394714355469 0.65745359659194946289 0.65501517057418823242 0.68762880563735961914 0.65196716785430908203 0.67909437417984008789 0.67787522077560424805 0.66019678115844726562 0.66324484348297119141 0.64343279600143432617 0.69494396448135375977 0.28559759259223937988 -0.52395117282867431641 0.30815282464027404785 0.77083921432495117188 0.78242158889770507812 0.72329038381576538086 0.46055281162261962891 0.36027359962463378906 0.27736800909042358398 0.27675840258598327637 0.23347678780555725098 0.26212799549102783203 0.29352238774299621582 0.69250559806823730469 0.70774561166763305664 0.71384161710739135742 0.69951599836349487305 0.4770120084285736084 0.67909437417984008789
0.74828398227691650391 0.73426318168640136719 0.73091042041778564453 0.68519037961959838867 0.70073521137237548828 0.70805037021636962891 0.71079361438751220703 0.7431023716926574707 0.72664320468902587891 0.63398396968841552734 0.62392556667327880859 0.67513197660446166992 0.70256400108337402344 0.6291071772575378418 0.65013837814331054688 0.69860160350799560547 0.6760463714599609375 0.70591682195663452148 0.56448960304260253906 0.70043045282363891602 0.57393842935562133789 -0.52578002214431762695 -0.53675282001495361328 0.37856158614158630371 0.71749925613403320312 0.68945765495300292969 0.68823838233947753906 0.30205678939819335938 0.28285437822341918945 0.27858719229698181152 0.25816559791564941406 0.23408640921115875244 0.25968959927558898926 0.68305677175521850586 0.4486655890941619873 0.47335439920425415039 0.38374319672584533691 0.37185600399971008301 0.63337439298629760742
0.61447679996490478516 0.62849760055541992188 0.50231039524078369141 0.74279761314392089844 0.77845919132232666016 0.73670160770416259766 0.75011277198791503906 0.80985361337661743164 0.76748639345169067383 0.76230478286743164062 0.57119518518447875977 0.63642239570617675781 0.65013837814331054688 0.75285601615905761719 0.6193535923957824707 0.6611111760139465332 0.65928244590759277344 0.73944485187530517578 0.59161680936813354492 0.64160400629043579102 0.73761600255966186523 -0.24627840518951416016 -0.52242720127105712891 -0.24444960057735443115 0.68915277719497680664 0.72481441497802734375 0.41391840577125549316 0.43555921316146850586 0.28376880288124084473 0.25907999277114868164 0.25725120306015014648 0.24963119626045227051 0.23378160595893859863 0.26791921257972717285 0.69921118021011352539 0.66050159931182861328 0.73426318168640136719 0.30083760619163513184 0.55351680517196655273
0.67787522077560424805 0.65775841474533081055 0.73273921012878417969 0.61142879724502563477 0.46146720647811889648 0.60990476608276367188 0.37002718448638916016 0.65653920173645019531 0.80528157949447631836 0.7699248194694519043 0.75316077470779418945 0.69433444738388061523 0.71902316808700561523 0.64221364259719848633 0.66354960203170776367 0.67116957902908325195 0.72268080711364746094 0.7513319849967956543 0.68183761835098266602 0.69707757234573364258 0.76443839073181152344 0.6275832056999206543 -0.49926239252090454102 -0.53126639127731323242 -0.40233600139617919922 0.71871840953826904297 0.70896476507186889648 0.41178479790687561035 0.41452801227569580078 0.27005279064178466797 0.25725120306015014648 0.23804880678653717041 0.23103840649127960205 0.2459735870361328125 0.26182320713996887207 0.3547872006893157959 0.32217362523078918457 0.29016959667205810547 0.2996183931827545166
