Gull_Island_10meter.asc
ncols        231
nrows        225
xllcorner    518334.861027376843
yllcorner    4324729.029947387986
cellsize     10.000000000000
NODATA_value  -9999
[rows 17 to 33 of 225, columns 40 to 79 of 231]
-2.0150001049041748047 -1.9179999828338623047 -2.0840001106262207031 -2.1770000457763671875 -2.1289999485015869141 -2.01399993896484375 -2.0109999179840087891 -2.0999999046325683594 -2.0160000324249267578 -1.9010000228881835938 -2.1129999160766601562 -2.0439999103546142578 -2.0420000553131103516 -2.0620000362396240234 -2.0050001144409179688 -2.1809999942779541016 -2.2449998855590820312 -2.1380000114440917969 -1.998000025749206543 -2.0120000839233398438 -2.1219999790191650391 -1.879999995231628418 -2.1329998970031738281 -2.0810000896453857422 -2.1559998989105224609 -2.1170001029968261719 -2.0699999332427978516 -2.0169999599456787109 -2.0439999103546142578 -2.0360000133514404297 -2.0109999179840087891 -2.11100006103515625 -2.0460000038146972656 -1.9670000076293945312 -1.8969999551773071289 -2.0260000228881835938 -2.2409999370574951172 -2.0959999561309814453 -1.9409999847412109375 -2.0799999237060546875
-2.0629999637603759766 -2.0150001049041748047 -2.0899999141693115234 -2.0050001144409179688 -2.0880000591278076172 -2.020999908447265625 -1.988000035285949707 -2.1050000190734863281 -2.0959999561309814453 -1.9240000247955322266 -2.0280001163482666016 -2.0020000934600830078 -2.0399999618530273438 -2.1940000057220458984 -2.0260000228881835938 -1.9359999895095825195 -1.8849999904632568359 -2.1540000438690185547 -2.0190000534057617188 -2.0690000057220458984 -1.9450000524520874023 -1.9700000286102294922 -2.0079998970031738281 -2.145999908447265625 -2.0699999332427978516 -2.0360000133514404297 -2.0989999771118164062 -2.0490000247955322266 -1.9409999847412109375 -2.2780001163482666016 -2.0320000648498535156 -2.1679999828338623047 -1.9700000286102294922 -2.0539999008178710938 -2.0680000782012939453 -1.9400000572204589844 -1.9010000228881835938 -2.0020000934600830078 -2.0950000286102294922 -2.0559999942779541016
-1.9190000295639038086 -1.7960000038146972656 -2.2479999065399169922 -1.9989999532699584961 -2.1649999618530273438 -2.0710000991821289062 -2.0009999275207519531 -2.0520000457763671875 -1.9700000286102294922 -1.9140000343322753906 -2.0130000114440917969 -2.0409998893737792969 -2.0480000972747802734 -2.0420000553131103516 -2.0950000286102294922 -2.0899999141693115234 -2.0239999294281005859 -2.0439999103546142578 -1.9889999628067016602 -2.020999908447265625 -2.1400001049041748047 -1.8980000019073486328 -1.988000035285949707 -2.1380000114440917969 -2.0099999904632568359 -2.1779999732971191406 -2.1400001049041748047 -2.0989999771118164062 -2.0880000591278076172 -2.1310000419616699219 -2.1140000820159912109 -2.1140000820159912109 -2.0729999542236328125 -1.9429999589920043945 -2.0269999504089355469 -2.1749999523162841797 -1.9819999933242797852 -2.1119999885559082031 -1.8289999961853027344 -1.9240000247955322266
-1.9960000514984130859 -2.0910000801086425781 -2.1300001144409179688 -2.0880000591278076172 -1.9869999885559082031 -2.1730000972747802734 -1.9400000572204589844 -2.0039999485015869141 -1.9759999513626098633 -1.9750000238418579102 -1.9299999475479125977 -2.0060000419616699219 -2.0309998989105224609 -1.988000035285949707 -2.0639998912811279297 -1.748000025749206543 -1.8990000486373901367 -1.9520000219345092773 -1.9170000553131103516 -2.0409998893737792969 -1.9659999608993530273 -2.0369999408721923828 -2.0580000877380371094 -2.0099999904632568359 -2.1480000019073486328 -2.0079998970031738281 -2.0880000591278076172 -2.0020000934600830078 -1.9969999790191650391 -2.0420000553131103516 -2.0739998817443847656 -1.9220000505447387695 -1.9620000123977661133 -2.0750000476837158203 -1.9639999866485595703 -1.9140000343322753906 -2.1579999923706054688 -2.0260000228881835938 -2.0940001010894775391 -2.0710000991821289062
-2.1280000209808349609 -2.0799999237060546875 -2.1830000877380371094 -2.1659998893737792969 -2.0399999618530273438 -1.9509999752044677734 -2.0620000362396240234 -1.991000056266784668 -2.0580000877380371094 -2.11100006103515625 -2.0559999942779541016 -2.1029999256134033203 -2.0299999713897705078 -1.9520000219345092773 -1.8830000162124633789 -1.8949999809265136719 -2.0239999294281005859 -1.9789999723434448242 -1.9470000267028808594 -2.1410000324249267578 -1.9149999618530273438 -2.1129999160766601562 -1.9639999866485595703 -2.0920000076293945312 -2.0610001087188720703 -1.9769999980926513672 -1.9960000514984130859 -2.0680000782012939453 -2.0150001049041748047 -2.0429999828338623047 -2.0789999961853027344 -2.0529999732971191406 -2.0869998931884765625 -2.0169999599456787109 -2.1600000858306884766 -2.0450000762939453125 -1.8689999580383300781 -1.9299999475479125977 -1.9539999961853027344 -2.0690000057220458984
-2.1819999217987060547 -1.9889999628067016602 -2.0309998989105224609 -2.1119999885559082031 -2.0369999408721923828 -2.0989999771118164062 -2.1380000114440917969 -2.0739998817443847656 -1.9809999465942382812 -2.0050001144409179688 -1.9459999799728393555 -2.0889999866485595703 -2.1579999923706054688 -1.8969999551773071289 -1.9759999513626098633 -2.1019999980926513672 -1.8339999914169311523 -1.9299999475479125977 -1.9960000514984130859 -1.9639999866485595703 -2.2079999446868896484 -2.1849999427795410156 -2.0250000953674316406 -2.0269999504089355469 -2.1229999065399169922 -2.0299999713897705078 -1.8990000486373901367 -2.0460000038146972656 -2.1219999790191650391 -1.991000056266784668 -2.0329999923706054688 -2.1930000782012939453 -2.2260000705718994141 -1.9620000123977661133 -1.9049999713897705078 -2.1830000877380371094 -1.9939999580383300781 -2.0239999294281005859 -2.0090000629425048828 -2.0950000286102294922
-1.988000035285949707 -2.1619999408721923828 -2.1500000953674316406 -2.0130000114440917969 -2.0620000362396240234 -1.9769999980926513672 -2.0039999485015869141 -2.1789999008178710938 -1.9680000543594360352 -2.0269999504089355469 -2.0150001049041748047 -2.0910000801086425781 -1.9429999589920043945 -1.9889999628067016602 -2.0520000457763671875 -2.1289999485015869141 -2.125 -2.2820000648498535156 -1.9149999618530273438 -1.9639999866485595703 -2.1630001068115234375 -2.0299999713897705078 -2.1170001029968261719 -2.1380000114440917969 -2.1089999675750732422 -2.1189999580383300781 -2.1070001125335693359 -1.9859999418258666992 -2.1349999904632568359 -2.0899999141693115234 -2.0350000858306884766 -2.0769999027252197266 -2.0650000572204589844 -1.9149999618530273438 -2.0009999275207519531 -2.1099998950958251953 -2.1059999465942382812 -1.9589999914169311523 -2.1440000534057617188 -1.9010000228881835938
-2.0099999904632568359 -1.9600000381469726562 -2.0490000247955322266 -1.9759999513626098633 -2.0580000877380371094 -2.0889999866485595703 -2.1740000247955322266 -2.1080000400543212891 -2.0529999732971191406 -2.0009999275207519531 -1.9240000247955322266 -2.0099999904632568359 -2.1900000572204589844 -2.0150001049041748047 -2.0629999637603759766 -1.9340000152587890625 -2.0099999904632568359 -2.0429999828338623047 -2.0980000495910644531 -1.9759999513626098633 -2.0130000114440917969 -2.0409998893737792969 -2.118000030517578125 -2.1819999217987060547 -2.0480000972747802734 -2.0759999752044677734 -2.0769999027252197266 -2.0299999713897705078 -2.131999969482421875 -1.9490000009536743164 -2 -1.9919999837875366211 -2.4079999923706054688 -1.8200000524520874023 -2.0690000057220458984 -2.0929999351501464844 -2.0360000133514404297 -2.0969998836517333984 -2.0360000133514404297 -1.995000004768371582
-2.0829999446868896484 -2.1909999847412109375 -2.1480000019073486328 -2.0580000877380371094 -2.0429999828338623047 -2.1240000724792480469 -1.9370000362396240234 -2.0130000114440917969 -2.0190000534057617188 -2.1080000400543212891 -2.0910000801086425781 -2.0789999961853027344 -2.0710000991821289062 -2.1189999580383300781 -2.1289999485015869141 -2.0429999828338623047 -2.0030000209808349609 -2.125 -1.9630000591278076172 -2.0750000476837158203 -2.0629999637603759766 -1.9850000143051147461 -2.0729999542236328125 -2.0099999904632568359 -2.0280001163482666016 -2.0789999961853027344 -2.25 -1.9689999818801879883 -2.1440000534057617188 -2.0690000057220458984 -2.1129999160766601562 -1.9140000343322753906 -2.1449999809265136719 -2.1830000877380371094 -1.998000025749206543 -2.0439999103546142578 -1.9769999980926513672 -2.2539999485015869141 -1.9400000572204589844 -2.3440001010894775391
-2.1019999980926513672 -2.0550000667572021484 -2.0260000228881835938 -2.0510001182556152344 -2.0290000438690185547 -1.9680000543594360352 -2.0710000991821289062 -1.9379999637603759766 -2.0130000114440917969 -1.8179999589920043945 -1.9780000448226928711 -2.1229999065399169922 -2.0920000076293945312 -2.0940001010894775391 -2.1579999923706054688 -1.9129999876022338867 -2.1240000724792480469 -1.9409999847412109375 -2.0789999961853027344 -2.1989998817443847656 -2.1900000572204589844 -2.0020000934600830078 -2.0320000648498535156 -2.0099999904632568359 -2.0789999961853027344 -2.1640000343322753906 -2.0309998989105224609 -2.0510001182556152344 -1.9309999942779541016 -2.0940001010894775391 -1.9839999675750732422 -2.0039999485015869141 -2.0420000553131103516 -2.1340000629425048828 -2.2309999465942382812 -2.1140000820159912109 -2.1300001144409179688 -2.0910000801086425781 -2.1719999313354492188 -2.0199999809265136719
-2.0989999771118164062 -2.0810000896453857422 -1.9539999961853027344 -2.0439999103546142578 -2.0420000553131103516 -1.9830000400543212891 -1.9609999656677246094 -2.0250000953674316406 -2.0150001049041748047 -2.0659999847412109375 -2.145999908447265625 -2.0050001144409179688 -1.9500000476837158203 -2.0179998874664306641 -1.9739999771118164062 -1.9659999608993530273 -1.9570000171661376953 -2.0369999408721923828 -1.9290000200271606445 -2.0910000801086425781 -1.9960000514984130859 -2.0810000896453857422 -2.1749999523162841797 -2.0380001068115234375 -1.8990000486373901367 -2.118000030517578125 -1.9670000076293945312 -1.9809999465942382812 -1.8609999418258666992 -1.9839999675750732422 -1.876999974250793457 -2.1199998855590820312 -1.9600000381469726562 -2.2669999599456787109 -1.9900000095367431641 -1.9500000476837158203 -2.0880000591278076172 -2.0039999485015869141 -2.1099998950958251953 -1.9889999628067016602
-2.1189999580383300781 -2.2030000686645507812 -1.9960000514984130859 -2.0769999027252197266 -2.1029999256134033203 -2.0090000629425048828 -2.0710000991821289062 -2.006999969482421875 -1.9429999589920043945 -2.0079998970031738281 -2.1809999942779541016 -2.0050001144409179688 -2.1300001144409179688 -1.9409999847412109375 -2.0460000038146972656 -2 -2.1310000419616699219 -2.0439999103546142578 -2.0380001068115234375 -2.0720000267028808594 -1.9390000104904174805 -2.0329999923706054688 -2.0590000152587890625 -2.01399993896484375 -2.1270000934600830078 -1.9939999580383300781 -1.9969999790191650391 -2.0969998836517333984 -2.1189999580383300781 -2.0940001010894775391 -2.0020000934600830078 -2.0199999809265136719 -2.020999908447265625 -1.8179999589920043945 -1.9989999532699584961 -2.13899993896484375 -2.1419999599456787109 -2.0789999961853027344 -1.9769999980926513672 -1.8559999465942382812
-2.1059999465942382812 -2.0150001049041748047 -2.0220000743865966797 -2.0090000629425048828 -2.0350000858306884766 -1.9780000448226928711 -1.9709999561309814453 -2.0629999637603759766 -2.0130000114440917969 -2.0520000457763671875 -1.8830000162124633789 -1.991000056266784668 -2.0169999599456787109 -2.1610000133514404297 -2.1619999408721923828 -2.0360000133514404297 -1.9830000400543212891 -2.0910000801086425781 -2.0120000839233398438 -2.2320001125335693359 -2.1549999713897705078 -2.0230000019073486328 -2.0539999008178710938 -2.0529999732971191406 -2.0769999027252197266 -2.0309998989105224609 -1.9639999866485595703 -2.1280000209808349609 -1.9780000448226928711 -2.13899993896484375 -2.0669999122619628906 -2.0360000133514404297 -2 -1.9759999513626098633 -2.0580000877380371094 -2.0090000629425048828 -2.0480000972747802734 -2.0120000839233398438 -2.1540000438690185547 -2.0940001010894775391
-2.0269999504089355469 -2.0959999561309814453 -2.0460000038146972656 -2.0320000648498535156 -1.9869999885559082031 -1.9900000095367431641 -1.9559999704360961914 -2.0250000953674316406 -1.9459999799728393555 -2.1080000400543212891 -1.9869999885559082031 -1.9960000514984130859 -1.9830000400543212891 -2.0409998893737792969 -2.0179998874664306641 -2.1779999732971191406 -1.9960000514984130859 -1.9889999628067016602 -2.0260000228881835938 -2.0169999599456787109 -2.0199999809265136719 -2.0150001049041748047 -1.9409999847412109375 -2.0729999542236328125 -2.1489999294281005859 -2.0880000591278076172 -1.9759999513626098633 -1.9220000505447387695 -2.0629999637603759766 -1.9370000362396240234 -2.0429999828338623047 -2.0290000438690185547 -2.1740000247955322266 -2.4309999942779541016 -1.9019999504089355469 -2.11100006103515625 -2.0859999656677246094 -2.243000030517578125 -2.0369999408721923828 -2.131999969482421875
-2.0929999351501464844 -2.1099998950958251953 -2.0690000057220458984 -2.0269999504089355469 -2.0869998931884765625 -2.145999908447265625 -1.9780000448226928711 -1.9320000410079956055 -1.9539999961853027344 -1.8860000371932983398 -2.0989999771118164062 -1.9819999933242797852 -1.9769999980926513672 -2.1240000724792480469 -2.0510001182556152344 -2.0090000629425048828 -1.9670000076293945312 -1.8880000114440917969 -2.0299999713897705078 -2.006999969482421875 -2.020999908447265625 -2.125 -1.991000056266784668 -2.0650000572204589844 -2.1889998912811279297 -2.0109999179840087891 -2.1150000095367431641 -1.9110000133514404297 -1.8760000467300415039 -2.0690000057220458984 -2.1349999904632568359 -2.0850000381469726562 -1.9750000238418579102 -1.9539999961853027344 -1.9659999608993530273 -1.9650000333786010742 -2.1949999332427978516 -2.0099999904632568359 -2.1419999599456787109 -2.1860001087188720703
-2.0869998931884765625 -2.0250000953674316406 -2.0889999866485595703 -2.0030000209808349609 -2.0889999866485595703 -1.9459999799728393555 -2.0299999713897705078 -2.0869998931884765625 -2.0030000209808349609 -1.995000004768371582 -1.9409999847412109375 -2.1099998950958251953 -2.2590000629425048828 -2.0810000896453857422 -2.0179998874664306641 -2.0390000343322753906 -1.9720000028610229492 -2.0329999923706054688 -1.9620000123977661133 -2.0750000476837158203 -1.995000004768371582 -2.1689999103546142578 -2.0150001049041748047 -1.9600000381469726562 -2.0329999923706054688 -1.9309999942779541016 -1.9019999504089355469 -2.0179998874664306641 -2 -2.0020000934600830078 -2.0199999809265136719 -2.0350000858306884766 -1.8739999532699584961 -1.9479999542236328125 -2.0610001087188720703 -2.006999969482421875 -1.9800000190734863281 -1.9859999418258666992 -1.9730000495910644531 -1.9479999542236328125
-2.0169999599456787109 -2.1010000705718994141 -2.1579999923706054688 -2.0399999618530273438 -2.0639998912811279297 -2.2190001010894775391 -2.0880000591278076172 -2.3029999732971191406 -2.0269999504089355469 -1.9759999513626098633 -2.0940001010894775391 -2.1700000762939453125 -1.9170000553131103516 -2.1909999847412109375 -2.0669999122619628906 -1.9759999513626098633 -2.0480000972747802734 -2.0130000114440917969 -1.988000035285949707 -2.0239999294281005859 -2.0639998912811279297 -1.9869999885559082031 -2.0269999504089355469 -2.0309998989105224609 -2.0190000534057617188 -2.0009999275207519531 -2.2909998893737792969 -2.0269999504089355469 -2.0720000267028808594 -2.0929999351501464844 -1.9800000190734863281 -2.0250000953674316406 -1.995000004768371582 -2.11100006103515625 -2.0580000877380371094 -2.0669999122619628906 -1.9179999828338623047 -2.1059999465942382812 -2.0399999618530273438 -1.8470000028610229492
