Gull_Island_10meter.asc
ncols        231
nrows        225
xllcorner    518334.861027376843
yllcorner    4324729.029947387986
cellsize     10.000000000000
NODATA_value  -9999
[rows 17 to 33 of 225, columns 80 to 119 of 231]
-2.1349999904632568359 -2.0380001068115234375 -2.1270000934600830078 -1.9179999828338623047 -1.9830000400543212891 -1.8209999799728393555 -2.1310000419616699219 -2.1559998989105224609 -2.0820000171661376953 -1.9340000152587890625 -1.866000056266784668 -2.243000030517578125 -2.1500000953674316406 -2.0859999656677246094 -2.0520000457763671875 -1.8550000190734863281 -2.0780000686645507812 -2.1640000343322753906 -2.11100006103515625 -2.1229999065399169922 -2.0539999008178710938 -2.1900000572204589844 -2.2999999523162841797 -1.9349999427795410156 -2.2090001106262207031 -2.0260000228881835938 -2.0629999637603759766 -2.0179998874664306641 -2.0399999618530273438 -1.8519999980926513672 -1.8669999837875366211 -1.9659999608993530273 -1.9819999933242797852 -2.0929999351501464844 -1.8589999675750732422 -1.8020000457763671875 -1.7170000076293945312 -1.7400000095367431641 -1.5230000019073486328 -1.5410000085830688477
-2.1280000209808349609 -2.0169999599456787109 -1.9429999589920043945 -1.9129999876022338867 -1.9299999475479125977 -1.9819999933242797852 -2.0499999523162841797 -2.1779999732971191406 -2.0090000629425048828 -2.1809999942779541016 -1.9570000171661376953 -1.9359999895095825195 -2.0610001087188720703 -1.9470000267028808594 -2.0199999809265136719 -2.118000030517578125 -1.7890000343322753906 -1.9939999580383300781 -1.8760000467300415039 -2.0439999103546142578 -2.3299999237060546875 -1.9739999771118164062 -1.9850000143051147461 -2.1849999427795410156 -1.9769999980926513672 -2.1099998950958251953 -2.3269999027252197266 -1.8830000162124633789 -1.9750000238418579102 -1.9670000076293945312 -1.9349999427795410156 -1.991000056266784668 -2.23600006103515625 -1.9900000095367431641 -1.9149999618530273438 -1.8020000457763671875 -1.7200000286102294922 -1.5130000114440917969 -1.4129999876022338867 -1.3550000190734863281
-1.8190000057220458984 -1.9359999895095825195 -1.9570000171661376953 -2.0799999237060546875 -2.1349999904632568359 -1.8500000238418579102 -2.0250000953674316406 -2.0859999656677246094 -1.9049999713897705078 -2.0599999427795410156 -2.2249999046325683594 -1.9129999876022338867 -2.1300001144409179688 -2.0350000858306884766 -2.1300001144409179688 -2.2809998989105224609 -1.8120000362396240234 -2.0030000209808349609 -2.0659999847412109375 -1.991000056266784668 -2.0190000534057617188 -1.9739999771118164062 -1.7009999752044677734 -1.9700000286102294922 -2.0889999866485595703 -1.7910000085830688477 -1.9140000343322753906 -1.8669999837875366211 -1.9140000343322753906 -1.9730000495910644531 -2.0889999866485595703 -2.1670000553131103516 -1.9869999885559082031 -1.9329999685287475586 -1.7790000438690185547 -1.6219999790191650391 -1.5399999618530273438 -1.4240000247955322266 -1.248000025749206543 -1.3170000314712524414
-2.2799999713897705078 -2.0220000743865966797 -2.0009999275207519531 -2.0569999217987060547 -2.0759999752044677734 -1.9390000104904174805 -2.0599999427795410156 -2.11100006103515625 -2.0959999561309814453 -1.9550000429153442383 -2.0230000019073486328 -2.0299999713897705078 -1.9550000429153442383 -2.0590000152587890625 -1.9149999618530273438 -2.0329999923706054688 -2.0850000381469726562 -2.2479999065399169922 -1.9010000228881835938 -2.0529999732971191406 -1.9800000190734863281 -2.1329998970031738281 -1.9889999628067016602 -2.1050000190734863281 -2.0460000038146972656 -2.125 -2.0789999961853027344 -2.0030000209808349609 -2.0690000057220458984 -1.8990000486373901367 -2.1889998912811279297 -2.1270000934600830078 -1.9420000314712524414 -1.7359999418258666992 -1.6349999904632568359 -1.5939999818801879883 -1.3960000276565551758 -1.2899999618530273438 -1.2630000114440917969 -1.0989999771118164062
-2.243000030517578125 -1.9780000448226928711 -2.1170001029968261719 -1.7710000276565551758 -2.0250000953674316406 -2.0620000362396240234 -2.0829999446868896484 -2.2909998893737792969 -2.1080000400543212891 -2.0269999504089355469 -2.0199999809265136719 -1.9819999933242797852 -2.0290000438690185547 -2.0829999446868896484 -1.9650000333786010742 -2.0079998970031738281 -1.9759999513626098633 -2.1579999923706054688 -2.0060000419616699219 -2.1119999885559082031 -1.995000004768371582 -2.0339999198913574219 -1.9780000448226928711 -2.0610001087188720703 -2.0940001010894775391 -1.9529999494552612305 -1.9789999723434448242 -2.2769999504089355469 -2.0580000877380371094 -2.0199999809265136719 -2.1129999160766601562 -2.0999999046325683594 -1.8209999799728393555 -1.7209999561309814453 -1.5820000171661376953 -1.4639999866485595703 -1.3509999513626098633 -1.2799999713897705078 -1.0659999847412109375 -1.1480000019073486328
-2.0050001144409179688 -2.0750000476837158203 -2.1019999980926513672 -2.1510000228881835938 -2.1129999160766601562 -2.0780000686645507812 -2.1989998817443847656 -2.0910000801086425781 -2.1909999847412109375 -2.0280001163482666016 -2.1740000247955322266 -1.9539999961853027344 -1.8860000371932983398 -1.8910000324249267578 -1.8960000276565551758 -2.1640000343322753906 -2.0179998874664306641 -1.8500000238418579102 -2.0829999446868896484 -2.1749999523162841797 -2.1440000534057617188 -2.0799999237060546875 -2.0280001163482666016 -1.8480000495910644531 -2.23600006103515625 -1.9229999780654907227 -2.0940001010894775391 -2.1080000400543212891 -2.1189999580383300781 -2.2550001144409179688 -2.104000091552734375 -1.8960000276565551758 -1.8400000333786010742 -1.4960000514984130859 -1.4900000095367431641 -1.4079999923706054688 -1.3370000123977661133 -1.2170000076293945312 -1.1540000438690185547 -1.0880000591278076172
-2.3169999122619628906 -2.0750000476837158203 -2.1210000514984130859 -2.1649999618530273438 -2.13899993896484375 -1.9630000591278076172 -1.9559999704360961914 -2.0109999179840087891 -2.1329998970031738281 -2.1649999618530273438 -1.8559999465942382812 -2.1010000705718994141 -2.0820000171661376953 -2.1189999580383300781 -1.9529999494552612305 -2.0280001163482666016 -2.020999908447265625 -2.2369999885559082031 -2.1579999923706054688 -2.0280001163482666016 -2.0910000801086425781 -2.0190000534057617188 -1.761999964714050293 -2.0639998912811279297 -1.9620000123977661133 -2.0260000228881835938 -2.0680000782012939453 -2.1070001125335693359 -1.9809999465942382812 -2.2599999904632568359 -2.0220000743865966797 -1.8919999599456787109 -1.6100000143051147461 -1.4889999628067016602 -1.4450000524520874023 -1.2869999408721923828 -1.1840000152587890625 -1.1799999475479125977 -1.0299999713897705078 -1.0839999914169311523
-2.0469999313354492188 -1.9960000514984130859 -2.1940000057220458984 -1.9739999771118164062 -2.0329999923706054688 -1.991000056266784668 -1.9939999580383300781 -2.0850000381469726562 -1.9099999666213989258 -2.0710000991821289062 -2.006999969482421875 -2.1289999485015869141 -2.2390000820159912109 -2.0669999122619628906 -2.0120000839233398438 -2.0230000019073486328 -2.0480000972747802734 -1.9659999608993530273 -1.9720000028610229492 -2.0880000591278076172 -2.0360000133514404297 -1.8179999589920043945 -1.8919999599456787109 -1.8559999465942382812 -2.0869998931884765625 -2.0350000858306884766 -2.0999999046325683594 -1.875 -2.0490000247955322266 -2 -1.9220000505447387695 -1.7089999914169311523 -1.5609999895095825195 -1.4620000123977661133 -1.3710000514984130859 -1.2990000247955322266 -1.3079999685287475586 -1.1770000457763671875 -1.0759999752044677734 -1.0599999427795410156
-2.0959999561309814453 -2.0739998817443847656 -2.2030000686645507812 -2.1050000190734863281 -2.1159999370574951172 -2.0529999732971191406 -2.1410000324249267578 -2.1960000991821289062 -2.0409998893737792969 -2.0280001163482666016 -2.1080000400543212891 -2.1150000095367431641 -2.0739998817443847656 -1.9730000495910644531 -1.9650000333786010742 -1.9609999656677246094 -2.0499999523162841797 -1.8849999904632568359 -1.7819999456405639648 -1.9340000152587890625 -2.0940001010894775391 -2.0109999179840087891 -2.0230000019073486328 -1.8949999809265136719 -2.1029999256134033203 -2.0090000629425048828 -2.020999908447265625 -2.0729999542236328125 -2.1340000629425048828 -1.9700000286102294922 -1.8589999675750732422 -1.6590000391006469727 -1.5479999780654907227 -1.4550000429153442383 -1.2910000085830688477 -1.3320000171661376953 -1.1959999799728393555 -1.129999995231628418 -1.0870000123977661133 -0.91299998760223388672
-1.9509999752044677734 -2.1610000133514404297 -2.118000030517578125 -1.9680000543594360352 -2.0109999179840087891 -2.1300001144409179688 -1.9490000009536743164 -2.1229999065399169922 -1.9149999618530273438 -2.0220000743865966797 -1.9490000009536743164 -2.0599999427795410156 -1.9459999799728393555 -1.9450000524520874023 -1.9509999752044677734 -2.0750000476837158203 -1.7510000467300415039 -2.0999999046325683594 -2.1300001144409179688 -2.0469999313354492188 -2.0799999237060546875 -2.1210000514984130859 -1.9730000495910644531 -1.8190000057220458984 -1.8380000591278076172 -1.9090000391006469727 -2.0179998874664306641 -2.0680000782012939453 -2.1229999065399169922 -1.8229999542236328125 -1.7200000286102294922 -1.631999969482421875 -1.4279999732971191406 -1.2999999523162841797 -1.2929999828338623047 -1.1940000057220458984 -1.0750000476837158203 -1.0340000391006469727 -1.0099999904632568359 -0.91299998760223388672
-1.9129999876022338867 -2.1489999294281005859 -2.0880000591278076172 -2.0940001010894775391 -2.0620000362396240234 -2.0320000648498535156 -2.1849999427795410156 -1.8810000419616699219 -2.0590000152587890625 -2.0520000457763671875 -2.1779999732971191406 -2.0260000228881835938 -1.9600000381469726562 -2.1760001182556152344 -1.8259999752044677734 -1.8240000009536743164 -2.1800000667572021484 -2.1010000705718994141 -1.8320000171661376953 -1.8899999856948852539 -1.9099999666213989258 -2.006999969482421875 -1.9019999504089355469 -1.7660000324249267578 -2.0629999637603759766 -1.8459999561309814453 -2.0469999313354492188 -2.1170001029968261719 -1.9969999790191650391 -1.9090000391006469727 -1.6449999809265136719 -1.5770000219345092773 -1.3669999837875366211 -1.3009999990463256836 -1.3040000200271606445 -1.248000025749206543 -1.0789999961853027344 -1.1169999837875366211 -0.93099999427795410156 -0.88200002908706665039
-2.2860000133514404297 -2.1370000839233398438 -1.9839999675750732422 -1.9720000028610229492 -1.8780000209808349609 -2.0539999008178710938 -2.104000091552734375 -2.1830000877380371094 -2.0220000743865966797 -2.104000091552734375 -1.9099999666213989258 -2.0420000553131103516 -1.8810000419616699219 -2.0030000209808349609 -2.1029999256134033203 -2.1559998989105224609 -1.9179999828338623047 -2.0539999008178710938 -1.7779999971389770508 -2.1500000953674316406 -2.0529999732971191406 -1.7489999532699584961 -1.9720000028610229492 -2.0510001182556152344 -1.8070000410079956055 -1.9349999427795410156 -2.0420000553131103516 -2.1380000114440917969 -1.9680000543594360352 -1.7189999818801879883 -1.7250000238418579102 -1.5319999456405639648 -1.4029999971389770508 -1.3530000448226928711 -1.238000035285949707 -1.0640000104904174805 -1.0700000524520874023 -0.94700002670288085938 -1 -0.95399999618530273438
-2.0920000076293945312 -1.9210000038146972656 -2.0009999275207519531 -2.0639998912811279297 -2.125 -1.9179999828338623047 -1.9789999723434448242 -2.0469999313354492188 -1.9780000448226928711 -2.0439999103546142578 -2.0039999485015869141 -1.9160000085830688477 -2.0490000247955322266 -2.0850000381469726562 -1.9129999876022338867 -2.0420000553131103516 -1.9869999885559082031 -1.9769999980926513672 -2.131999969482421875 -2.0190000534057617188 -1.8650000095367431641 -1.868000030517578125 -1.8710000514984130859 -1.9170000553131103516 -1.9370000362396240234 -1.9539999961853027344 -1.991000056266784668 -2.0680000782012939453 -1.8689999580383300781 -1.6629999876022338867 -1.6089999675750732422 -1.498000025749206543 -1.4029999971389770508 -1.3120000362396240234 -1.2070000171661376953 -1.2489999532699584961 -1.1139999628067016602 -1.0329999923706054688 -0.98299998044967651367 -1.0140000581741333008
-2.2079999446868896484 -2.1670000553131103516 -2.1280000209808349609 -1.9349999427795410156 -2.1679999828338623047 -2.1080000400543212891 -2.0420000553131103516 -2.0669999122619628906 -1.8309999704360961914 -2.0920000076293945312 -2.0950000286102294922 -2.1010000705718994141 -2.0929999351501464844 -1.9689999818801879883 -1.873000025749206543 -2.0690000057220458984 -1.9720000028610229492 -1.9700000286102294922 -2.0750000476837158203 -2.0190000534057617188 -2.1280000209808349609 -2.1400001049041748047 -1.9550000429153442383 -2.0980000495910644531 -1.9229999780654907227 -2.0439999103546142578 -2.0590000152587890625 -1.9830000400543212891 -1.8890000581741333008 -1.7220000028610229492 -1.6510000228881835938 -1.5110000371932983398 -1.4600000381469726562 -1.2799999713897705078 -1.1920000314712524414 -1.1660000085830688477 -1.133999943733215332 -0.94999998807907104492 -0.87300002574920654297 -0.91299998760223388672
-1.9850000143051147461 -2.1070001125335693359 -2.1300001144409179688 -2.1029999256134033203 -1.9539999961853027344 -1.9559999704360961914 -1.9520000219345092773 -2.2599999904632568359 -2.0769999027252197266 -2.1700000762939453125 -1.8619999885559082031 -1.9700000286102294922 -2.1849999427795410156 -2.1300001144409179688 -2.26399993896484375 -2.1900000572204589844 -2.1840000152587890625 -1.8049999475479125977 -2.0339999198913574219 -1.998000025749206543 -1.9609999656677246094 -1.8279999494552612305 -1.9889999628067016602 -2.0250000953674316406 -1.9199999570846557617 -2.0940001010894775391 -2.1010000705718994141 -1.9429999589920043945 -1.8609999418258666992 -1.745000004768371582 -1.6399999856948852539 -1.4570000171661376953 -1.3949999809265136719 -1.258999943733215332 -1.3710000514984130859 -1.2510000467300415039 -1.1849999427795410156 -0.99199998378753662109 -0.97000002861022949219 -0.88899999856948852539
-1.9700000286102294922 -1.9229999780654907227 -2.0490000247955322266 -2.1889998912811279297 -2.0669999122619628906 -2.1489999294281005859 -1.9900000095367431641 -1.8099999427795410156 -2.0659999847412109375 -1.8600000143051147461 -1.8669999837875366211 -2.1099998950958251953 -2.0780000686645507812 -2.0230000019073486328 -2.1579999923706054688 -1.8400000333786010742 -2.1730000972747802734 -1.9789999723434448242 -2.1419999599456787109 -2.020999908447265625 -2.0290000438690185547 -1.9639999866485595703 -2.1059999465942382812 -2.0099999904632568359 -1.991000056266784668 -2.3210000991821289062 -2.11100006103515625 -1.9400000572204589844 -1.7640000581741333008 -1.6430000066757202148 -1.5750000476837158203 -1.5540000200271606445 -1.375 -1.3359999656677246094 -1.2209999561309814453 -1.1540000438690185547 -1.0779999494552612305 -0.97699999809265136719 -0.92199999094009399414 -0.86699998378753662109
-2.1889998912811279297 -2.0820000171661376953 -1.9470000267028808594 -1.9800000190734863281 -1.9939999580383300781 -2.0520000457763671875 -1.9720000028610229492 -1.879999995231628418 -1.9559999704360961914 -1.9349999427795410156 -1.8569999933242797852 -2 -2.0460000038146972656 -2.0460000038146972656 -1.9129999876022338867 -1.9390000104904174805 -2 -2.1840000152587890625 -1.9420000314712524414 -1.876999974250793457 -1.7819999456405639648 -1.9680000543594360352 -1.9370000362396240234 -1.9309999942779541016 -2.1240000724792480469 -2.1710000038146972656 -2.0669999122619628906 -1.7910000085830688477 -1.8179999589920043945 -1.7389999628067016602 -1.5650000572204589844 -1.4359999895095825195 -1.4459999799728393555 -1.3240000009536743164 -1.2769999504089355469 -1.0579999685287475586 -1.2250000238418579102 -1.0299999713897705078 -0.91600000858306884766 -0.88499999046325683594
